/ID-Task/  -/Lat/  -/Long/ -/Day/  -/Hour/ -/Minute/   -/Duration/ -/Remaining time/ -/Resources/    -/Coverage/ -/Ligitimacy/ -/on peak hour/ -/grid_number/ -/Task value
1	 49.607562245147925	 6.120559519020145	 2	 9	 56	 60	 60	 6	 100	 True	 True	 96	 2
2	 49.59373052664449	 6.119308016672075	 1	 9	 11	 40	 40	 8	 100	 True	 True	 51	 8
3	 49.62053606305832	 6.151942448180133	 1	 9	 2	 50	 50	 2	 100	 True	 True	 130	 9
4	 49.61235558816937	 6.133935046920279	 1	 9	 56	 20	 20	 3	 100	 True	 True	 98	 6
5	 49.62861524673394	 6.162366753876891	 2	 12	 2	 50	 50	 4	 100	 True	 False	 146	 9
6	 49.63199562482738	 6.173192302632164	 1	 9	 15	 60	 60	 6	 100	 True	 True	 162	 5
7	 49.61123259767828	 6.103715999623125	 1	 18	 16	 30	 30	 5	 100	 True	 False	 94	 8
8	 49.59675507474872	 6.133890128116352	 1	 9	 16	 30	 30	 9	 100	 True	 True	 68	 5
9	 49.59550313415015	 6.153532857817803	 1	 13	 43	 70	 70	 1	 100	 True	 False	 70	 3
10	 49.603107795915285	 6.081387577964502	 2	 18	 26	 20	 20	 2	 100	 True	 False	 77	 7
11	 49.60539291069161	 6.1609273492385475	 2	 18	 9	 30	 30	 1	 100	 True	 False	 86	 2
12	 49.62589444140999	 6.099172850392269	 1	 13	 41	 60	 60	 3	 100	 True	 False	 139	 5
13	 49.591150669054755	 6.127541442573031	 2	 13	 46	 40	 40	 5	 100	 True	 False	 52	 3
14	 49.628035363615915	 6.1541277268709935	 2	 18	 54	 20	 20	 1	 100	 True	 False	 145	 4
15	 49.61609180525531	 6.125154524214789	 1	 14	 9	 50	 50	 9	 100	 True	 False	 112	 9
16	 49.61060767250028	 6.133773439100439	 1	 18	 12	 40	 40	 1	 100	 True	 False	 98	 3
17	 49.626547443956966	 6.143036050447477	 1	 9	 41	 60	 60	 2	 100	 True	 True	 144	 9
18	 49.63083290489244	 6.1082975513995486	 2	 9	 41	 60	 60	 1	 100	 True	 True	 155	 7
19	 49.60799418368121	 6.121394395789373	 1	 14	 24	 50	 50	 4	 100	 True	 False	 96	 6
20	 49.60085558479594	 6.119540265621441	 1	 9	 40	 70	 70	 6	 100	 True	 True	 66	 7
21	 49.606414935587146	 6.106137742840035	 2	 9	 39	 20	 20	 1	 100	 True	 True	 80	 6
22	 49.64630167806517	 6.105793742162536	 2	 12	 6	 20	 20	 6	 100	 True	 False	 185	 10
23	 49.630944500665805	 6.16113189302796	 2	 12	 41	 40	 40	 9	 100	 True	 False	 161	 2
24	 49.639788626087295	 6.153694831879214	 1	 9	 38	 60	 60	 9	 100	 True	 True	 175	 7
25	 49.62029325950612	 6.184373386821507	 1	 18	 35	 60	 60	 8	 100	 True	 False	 134	 9
26	 49.61866375386348	 6.172793229029171	 2	 9	 27	 60	 60	 7	 100	 True	 True	 132	 3
27	 49.624687734322784	 6.175358304349323	 2	 15	 2	 60	 60	 7	 100	 True	 False	 148	 9
28	 49.642406723075034	 6.129854116227239	 1	 15	 34	 50	 50	 1	 100	 True	 False	 187	 5
29	 49.594155797722294	 6.093396570606493	 1	 9	 55	 80	 80	 1	 100	 True	 True	 48	 1
30	 49.63631988922528	 6.082217363690068	 1	 18	 44	 20	 20	 5	 100	 True	 False	 167	 7
31	 49.64640474307746	 6.102183538135972	 2	 18	 1	 40	 40	 9	 100	 True	 False	 184	 1
32	 49.62760033280164	 6.152197606796611	 1	 14	 26	 40	 40	 3	 100	 True	 False	 145	 3
33	 49.623159160124196	 6.128018940280248	 2	 9	 12	 30	 30	 8	 100	 True	 True	 127	 5
34	 49.63239040049389	 6.164549861622885	 2	 9	 12	 20	 20	 6	 100	 True	 True	 161	 3
35	 49.60387426886107	 6.0975851023332215	 2	 18	 48	 70	 70	 1	 100	 True	 False	 79	 10
36	 49.628276719257784	 6.177346371374746	 1	 15	 17	 30	 30	 6	 100	 True	 False	 148	 6
37	 49.58258265959363	 6.105908962357839	 2	 14	 50	 70	 70	 6	 100	 True	 False	 20	 8
38	 49.62170676323003	 6.105710708125247	 1	 9	 4	 40	 40	 6	 100	 True	 True	 125	 10
39	 49.60871451319904	 6.113658523538464	 1	 18	 16	 30	 30	 6	 100	 True	 False	 95	 6
40	 49.60039340015352	 6.110828898568609	 1	 12	 33	 70	 70	 8	 100	 True	 False	 65	 9
41	 49.61540720598409	 6.191551998074425	 1	 9	 38	 80	 80	 3	 100	 True	 True	 119	 3
42	 49.647506719293325	 6.12320026163448	 2	 14	 53	 20	 20	 9	 100	 True	 False	 202	 6
43	 49.63195839562824	 6.171255621090395	 1	 18	 35	 80	 80	 1	 100	 True	 False	 162	 7
44	 49.61492437037806	 6.132097220614681	 2	 9	 18	 30	 30	 1	 100	 True	 True	 113	 5
45	 49.611330634690255	 6.148930977622601	 2	 13	 40	 20	 20	 9	 100	 True	 False	 100	 7
46	 49.61041016337475	 6.125242252929186	 1	 18	 31	 40	 40	 8	 100	 True	 False	 97	 7
47	 49.61425794046764	 6.125504143428988	 1	 18	 53	 60	 60	 4	 100	 True	 False	 112	 4
48	 49.627396556938805	 6.104385405818184	 2	 9	 22	 50	 50	 3	 100	 True	 True	 139	 4
49	 49.59811703741808	 6.114023327033229	 2	 9	 20	 40	 40	 2	 100	 True	 True	 66	 10
50	 49.64333764050339	 6.0989385668943985	 2	 9	 58	 30	 30	 6	 100	 True	 True	 184	 2
51	 49.60749504600185	 6.109063554407007	 2	 18	 0	 70	 70	 9	 100	 True	 False	 95	 9
52	 49.60641205404396	 6.106770701940987	 2	 14	 8	 20	 20	 2	 100	 True	 False	 80	 9
53	 49.600352451358255	 6.1335892140556085	 1	 18	 12	 70	 70	 9	 100	 True	 False	 68	 6
54	 49.60705330787838	 6.108456290769938	 2	 9	 16	 20	 20	 7	 100	 True	 True	 95	 9
55	 49.594748473062445	 6.149290690879174	 2	 12	 1	 30	 30	 8	 100	 True	 False	 55	 8
56	 49.63438693910657	 6.083531906541128	 1	 9	 57	 40	 40	 5	 100	 True	 True	 152	 2
57	 49.63108433878049	 6.110684469440577	 2	 9	 39	 70	 70	 5	 100	 True	 True	 155	 2
58	 49.62189286782294	 6.120624881261435	 2	 9	 1	 40	 40	 4	 100	 True	 True	 126	 7
59	 49.640487003278935	 6.083927616965281	 2	 14	 6	 40	 40	 3	 100	 True	 False	 167	 10
60	 49.59233576149832	 6.124114210407593	 2	 9	 26	 50	 50	 3	 100	 True	 True	 52	 1
61	 49.593291581351316	 6.1233545701799965	 2	 18	 49	 30	 30	 7	 100	 True	 False	 52	 7
62	 49.60791983769244	 6.098982149619168	 2	 18	 33	 70	 70	 3	 100	 True	 False	 94	 1
63	 49.605970812109966	 6.103401159169013	 1	 9	 38	 20	 20	 6	 100	 True	 True	 79	 4
64	 49.583595172372256	 6.118488037373263	 1	 9	 47	 70	 70	 6	 100	 True	 True	 21	 1
65	 49.59780406017186	 6.0997904531057685	 2	 18	 33	 80	 80	 9	 100	 True	 False	 64	 5
66	 49.6343241819177	 6.177844577419316	 2	 18	 15	 50	 50	 1	 100	 True	 False	 163	 8
67	 49.60029963057068	 6.080546496321383	 2	 14	 57	 20	 20	 2	 100	 True	 False	 62	 7
68	 49.605404288556585	 6.127873802296286	 1	 14	 37	 50	 50	 1	 100	 True	 False	 82	 6
69	 49.634198605162304	 6.082742707296393	 2	 13	 37	 20	 20	 6	 100	 True	 False	 152	 9
70	 49.60447824809096	 6.160405157037572	 1	 13	 12	 30	 30	 1	 100	 True	 False	 86	 2
71	 49.63186554164755	 6.171105034482751	 1	 18	 58	 20	 20	 3	 100	 True	 False	 162	 6
72	 49.59601056446282	 6.11741579315585	 1	 9	 12	 70	 70	 2	 100	 True	 True	 66	 5
73	 49.60292679198312	 6.123669158971793	 1	 9	 34	 70	 70	 9	 100	 True	 True	 82	 5
74	 49.636015300190955	 6.16414644301678	 1	 15	 37	 50	 50	 6	 100	 True	 False	 176	 3
75	 49.59038714055863	 6.11414837574276	 2	 9	 0	 20	 20	 2	 100	 True	 True	 51	 5
76	 49.623069598690236	 6.111394709587134	 1	 18	 31	 60	 60	 1	 100	 True	 False	 125	 3
77	 49.59298877451521	 6.140479454308111	 2	 18	 55	 40	 40	 8	 100	 True	 False	 54	 6
78	 49.58353468504327	 6.114553066921209	 1	 9	 19	 40	 40	 8	 100	 True	 True	 21	 9
79	 49.63950814001215	 6.081243632344315	 1	 14	 43	 60	 60	 5	 100	 True	 False	 167	 2
80	 49.62313252835471	 6.12759553789439	 2	 9	 1	 40	 40	 5	 100	 True	 True	 127	 8
81	 49.605500153455075	 6.160945546242632	 2	 9	 24	 20	 20	 5	 100	 True	 True	 86	 6
82	 49.598155930569284	 6.139731071936602	 1	 18	 27	 60	 60	 3	 100	 True	 False	 68	 6
83	 49.642258037953006	 6.081781182951968	 1	 14	 51	 40	 40	 8	 100	 True	 False	 182	 7
84	 49.63327889333147	 6.094680480793434	 1	 9	 22	 40	 40	 3	 100	 True	 True	 153	 9
85	 49.60292948047156	 6.125121991910117	 1	 9	 49	 70	 70	 2	 100	 True	 True	 82	 3
86	 49.60611650975229	 6.153468950739431	 1	 18	 8	 60	 60	 3	 100	 True	 False	 85	 10
87	 49.609784179041725	 6.108372555422105	 2	 18	 16	 70	 70	 6	 100	 True	 False	 95	 6
88	 49.63228301693564	 6.161941104028477	 1	 18	 31	 40	 40	 8	 100	 True	 False	 161	 2
89	 49.62345393820793	 6.1623738526806	 1	 18	 20	 20	 20	 1	 100	 True	 False	 131	 9
90	 49.6070828872219	 6.133396948221355	 2	 15	 19	 30	 30	 9	 100	 True	 False	 98	 9
91	 49.608166574334824	 6.14343419135699	 2	 15	 33	 80	 80	 1	 100	 True	 False	 99	 8
92	 49.583485279345	 6.12368497291465	 2	 13	 48	 50	 50	 6	 100	 True	 False	 22	 4
93	 49.61715677454414	 6.16757804032248	 2	 13	 4	 40	 40	 7	 100	 True	 False	 117	 6
94	 49.636420909101766	 6.07810450022727	 2	 18	 7	 30	 30	 5	 100	 True	 False	 166	 5
95	 49.61402884981509	 6.199454295510599	 2	 9	 1	 20	 20	 7	 100	 True	 True	 120	 7
96	 49.61225019203595	 6.146226204472584	 1	 9	 28	 50	 50	 5	 100	 True	 True	 99	 6
97	 49.59168468742865	 6.087767531147567	 1	 9	 41	 40	 40	 2	 100	 True	 True	 48	 9
98	 49.61080516055284	 6.1343749794737565	 2	 12	 15	 40	 40	 8	 100	 True	 False	 98	 4
99	 49.61197073979736	 6.094987259570114	 2	 9	 43	 20	 20	 1	 100	 True	 True	 93	 7
100	 49.63523056977147	 6.081359987108987	 1	 18	 9	 70	 70	 8	 100	 True	 False	 167	 1
101	 49.62806335673873	 6.115782146195295	 1	 9	 4	 50	 50	 2	 100	 True	 True	 141	 3
102	 49.613472814144394	 6.108309753361241	 1	 18	 12	 10	 10	 5	 100	 True	 False	 110	 4
103	 49.62687859933176	 6.151287199039213	 2	 9	 47	 20	 20	 4	 100	 True	 True	 145	 1
104	 49.60343746523367	 6.155149926547778	 2	 14	 57	 70	 70	 7	 100	 True	 False	 85	 5
105	 49.630042230390586	 6.141363610281086	 2	 13	 35	 30	 30	 3	 100	 True	 False	 159	 1
106	 49.575314156230824	 6.102925465702695	 1	 9	 57	 40	 40	 1	 100	 True	 True	 4	 5
107	 49.62131888436721	 6.143971901773627	 2	 9	 11	 10	 10	 3	 100	 True	 True	 129	 5
108	 49.59064013595083	 6.121350454118866	 2	 15	 23	 30	 30	 7	 100	 True	 False	 51	 2
109	 49.623710756112544	 6.155431177041319	 1	 18	 53	 30	 30	 8	 100	 True	 False	 130	 2
110	 49.62928671211557	 6.120870627012181	 1	 9	 20	 50	 50	 9	 100	 True	 True	 141	 4
111	 49.60097151241742	 6.104516084361577	 1	 15	 36	 40	 40	 1	 100	 True	 False	 64	 7
112	 49.61129263543416	 6.15024569078162	 2	 9	 15	 40	 40	 7	 100	 True	 True	 100	 4
113	 49.620588631571756	 6.163092717441795	 2	 9	 18	 20	 20	 6	 100	 True	 True	 131	 10
114	 49.61158474858223	 6.117253275881438	 2	 9	 39	 50	 50	 1	 100	 True	 True	 96	 5
115	 49.615943571918	 6.155997998052397	 1	 12	 20	 60	 60	 4	 100	 True	 False	 115	 9
116	 49.61670871685636	 6.10079001253231	 2	 14	 49	 70	 70	 3	 100	 True	 False	 109	 3
117	 49.608105068541846	 6.094354610012044	 1	 9	 11	 30	 30	 1	 100	 True	 True	 93	 10
118	 49.61820511536847	 6.136349664342788	 1	 9	 46	 30	 30	 7	 100	 True	 True	 128	 8
119	 49.59035881411609	 6.1031839894158395	 2	 18	 4	 60	 60	 2	 100	 True	 False	 49	 2
120	 49.61250054937796	 6.13910854821429	 2	 18	 31	 70	 70	 3	 100	 True	 False	 113	 7
121	 49.59487087395036	 6.142949061961694	 1	 9	 22	 70	 70	 2	 100	 True	 True	 54	 9
122	 49.6055278278823	 6.099841524571376	 1	 18	 17	 20	 20	 9	 100	 True	 False	 79	 2
123	 49.62877149601999	 6.11325985966334	 1	 9	 37	 60	 60	 7	 100	 True	 True	 140	 4
124	 49.60483985039391	 6.094647703540549	 2	 18	 45	 20	 20	 6	 100	 True	 False	 78	 5
125	 49.60433561086516	 6.1500368896671125	 2	 18	 23	 80	 80	 2	 100	 True	 False	 85	 8
126	 49.6001247074337	 6.121856283875785	 2	 18	 17	 40	 40	 2	 100	 True	 False	 66	 8
127	 49.60759523300068	 6.12294373664758	 1	 9	 20	 40	 40	 5	 100	 True	 True	 97	 1
128	 49.611222891264894	 6.104785104426074	 2	 18	 11	 70	 70	 6	 100	 True	 False	 94	 9
129	 49.63123927446812	 6.165371274261073	 2	 9	 56	 70	 70	 1	 100	 True	 True	 161	 2
130	 49.61647669486184	 6.122622206458283	 2	 13	 38	 70	 70	 5	 100	 True	 False	 112	 8
131	 49.63310244237088	 6.078813669494178	 1	 14	 14	 30	 30	 9	 100	 True	 False	 152	 8
132	 49.636017097712674	 6.164810929086131	 1	 18	 7	 40	 40	 3	 100	 True	 False	 176	 2
133	 49.62014320391308	 6.110790525274267	 1	 18	 21	 50	 50	 7	 100	 True	 False	 125	 3
134	 49.60623619386003	 6.091942635313695	 2	 18	 23	 10	 10	 2	 100	 True	 False	 78	 8
135	 49.59332747345302	 6.0847251882412765	 1	 18	 28	 100	 100	 8	 100	 True	 False	 47	 1
136	 49.600814910867584	 6.1410063297291595	 1	 12	 40	 40	 40	 3	 100	 True	 False	 69	 2
137	 49.63442483391921	 6.083037612998629	 1	 9	 27	 30	 30	 6	 100	 True	 True	 152	 7
138	 49.60877472356204	 6.126846804973486	 1	 9	 19	 20	 20	 5	 100	 True	 True	 97	 3
139	 49.64304249909852	 6.120100156200583	 1	 9	 50	 40	 40	 9	 100	 True	 True	 186	 3
140	 49.61994212577209	 6.1763104563799605	 1	 9	 28	 60	 60	 8	 100	 True	 True	 133	 1
141	 49.63650261087465	 6.136507578300329	 2	 12	 41	 20	 20	 2	 100	 True	 False	 173	 7
142	 49.62810042351841	 6.140408744079156	 1	 9	 17	 40	 40	 3	 100	 True	 True	 144	 10
143	 49.62262175715961	 6.104464496972661	 2	 9	 56	 20	 20	 6	 100	 True	 True	 124	 7
144	 49.61899177060735	 6.174925820381465	 2	 9	 54	 30	 30	 6	 100	 True	 True	 132	 1
145	 49.60255971331914	 6.111859141974427	 2	 12	 19	 30	 30	 6	 100	 True	 False	 80	 9
146	 49.62300408631581	 6.15592890309652	 1	 9	 23	 30	 30	 1	 100	 True	 True	 130	 8
147	 49.620136133679694	 6.169203284660042	 1	 9	 28	 40	 40	 5	 100	 True	 True	 132	 2
148	 49.63477546770625	 6.177942318291974	 1	 18	 47	 40	 40	 5	 100	 True	 False	 163	 8
149	 49.59538265100415	 6.1376073682725805	 2	 12	 4	 40	 40	 9	 100	 True	 False	 68	 9
150	 49.63683165961032	 6.12268658600302	 1	 9	 45	 50	 50	 1	 100	 True	 True	 172	 5
151	 49.61084726411179	 6.135878344201703	 1	 9	 33	 20	 20	 3	 100	 True	 True	 98	 8
152	 49.60306522691161	 6.131343499839722	 1	 18	 27	 60	 60	 8	 100	 True	 False	 83	 7
153	 49.64402563989193	 6.147882003955919	 1	 9	 36	 30	 30	 5	 100	 True	 True	 189	 6
154	 49.59895744741952	 6.140955308994094	 2	 18	 35	 30	 30	 3	 100	 True	 False	 69	 2
155	 49.61921212383574	 6.118604679529984	 2	 18	 36	 60	 60	 9	 100	 True	 False	 126	 4
156	 49.613416791285395	 6.132382166355387	 1	 18	 18	 30	 30	 7	 100	 True	 False	 113	 6
157	 49.60500763961622	 6.141607156308302	 1	 9	 17	 70	 70	 3	 100	 True	 True	 84	 4
158	 49.64131743629644	 6.087037213181298	 1	 13	 15	 60	 60	 9	 100	 True	 False	 182	 1
159	 49.62037752151857	 6.131523284468184	 2	 18	 36	 70	 70	 5	 100	 True	 False	 128	 4
160	 49.638435641591066	 6.125299066355209	 2	 9	 51	 50	 50	 7	 100	 True	 True	 172	 6
161	 49.64676331712163	 6.112533279101911	 2	 9	 32	 40	 40	 4	 100	 True	 True	 200	 5
162	 49.624169758345694	 6.124508943243481	 1	 9	 34	 20	 20	 8	 100	 True	 True	 142	 4
163	 49.601398977996986	 6.092616726928715	 2	 9	 28	 80	 80	 8	 100	 True	 True	 78	 4
164	 49.64229256128941	 6.09646333979212	 1	 9	 54	 60	 60	 3	 100	 True	 True	 184	 6
165	 49.59206648469038	 6.118230776350299	 1	 9	 24	 70	 70	 8	 100	 True	 True	 51	 5
166	 49.616508115155966	 6.123192256455306	 2	 13	 12	 30	 30	 6	 100	 True	 False	 112	 2
167	 49.603751234137924	 6.136555286976297	 1	 13	 5	 60	 60	 4	 100	 True	 False	 83	 10
168	 49.614280552222546	 6.196093644013031	 1	 18	 12	 30	 30	 7	 100	 True	 False	 120	 5
169	 49.631403114093104	 6.182861146682095	 1	 18	 6	 40	 40	 5	 100	 True	 False	 163	 3
170	 49.63871393592988	 6.102681512059263	 1	 15	 2	 100	 100	 3	 100	 True	 False	 169	 1
171	 49.63285994149087	 6.170033483079285	 1	 18	 39	 100	 100	 6	 100	 True	 False	 162	 6
172	 49.60648720647305	 6.12603672701661	 1	 9	 39	 10	 10	 3	 100	 True	 True	 82	 9
173	 49.63301299843409	 6.0809558299085165	 1	 9	 57	 40	 40	 4	 100	 True	 True	 152	 10
174	 49.62947402471271	 6.17013903680745	 1	 18	 1	 40	 40	 7	 100	 True	 False	 162	 6
175	 49.61474635326045	 6.142784909587982	 2	 18	 41	 60	 60	 5	 100	 True	 False	 114	 5
176	 49.601676037086506	 6.137130120466726	 1	 12	 15	 20	 20	 2	 100	 True	 False	 83	 6
177	 49.57972159566963	 6.113131839933169	 2	 15	 49	 30	 30	 3	 100	 True	 False	 20	 5
178	 49.60417879506183	 6.158516019742461	 2	 12	 6	 50	 50	 9	 100	 True	 False	 86	 1
179	 49.59593294927219	 6.131854021017268	 2	 14	 8	 20	 20	 3	 100	 True	 False	 68	 2
180	 49.62588988109317	 6.152791039019138	 1	 9	 56	 30	 30	 2	 100	 True	 True	 145	 2
181	 49.636657907761304	 6.082658743452515	 2	 9	 50	 30	 30	 1	 100	 True	 True	 167	 4
182	 49.623314419229416	 6.130436639304149	 2	 9	 50	 50	 50	 5	 100	 True	 True	 127	 5
183	 49.59333251824374	 6.1217284641185605	 1	 9	 23	 40	 40	 2	 100	 True	 True	 51	 7
184	 49.64064487074003	 6.092903640711137	 2	 13	 5	 20	 20	 7	 100	 True	 False	 168	 1
185	 49.6371013790108	 6.1690939219727365	 2	 9	 1	 30	 30	 5	 100	 True	 True	 177	 7
186	 49.60577965269107	 6.113405003584843	 2	 12	 13	 60	 60	 8	 100	 True	 False	 80	 2
187	 49.63565256146061	 6.106038506216962	 2	 9	 16	 70	 70	 9	 100	 True	 True	 170	 3
188	 49.62674972710198	 6.154627863533727	 1	 18	 46	 20	 20	 8	 100	 True	 False	 145	 10
189	 49.62932636314449	 6.074972974448574	 1	 9	 1	 40	 40	 8	 100	 True	 True	 136	 10
190	 49.59643676953713	 6.117718971671411	 1	 13	 40	 50	 50	 6	 100	 True	 False	 66	 7
191	 49.62134989241175	 6.162286484683782	 2	 12	 7	 60	 60	 5	 100	 True	 False	 131	 6
192	 49.62986438769999	 6.087837429428717	 2	 9	 26	 70	 70	 3	 100	 True	 True	 153	 2
193	 49.634331342035644	 6.165185355449001	 1	 9	 29	 40	 40	 2	 100	 True	 True	 161	 9
194	 49.61266243485589	 6.133394047112585	 2	 18	 7	 70	 70	 8	 100	 True	 False	 113	 9
195	 49.603831947920646	 6.099073557128328	 2	 9	 32	 50	 50	 6	 100	 True	 True	 79	 6
196	 49.62091766717226	 6.185727150009238	 2	 9	 35	 20	 20	 7	 100	 True	 True	 134	 5
197	 49.613093383675285	 6.187096408003219	 2	 12	 7	 70	 70	 1	 100	 True	 False	 119	 7
198	 49.60363745091467	 6.107565810676595	 1	 9	 42	 60	 60	 2	 100	 True	 True	 80	 9
199	 49.614059482618174	 6.174948406450733	 1	 14	 57	 20	 20	 2	 100	 True	 False	 117	 10
200	 49.63658545856845	 6.167581058264281	 2	 9	 19	 20	 20	 8	 100	 True	 True	 177	 3
201	 49.61927192677912	 6.107398194746244	 2	 15	 1	 60	 60	 5	 100	 True	 False	 125	 2
202	 49.61517451152058	 6.19591416431442	 1	 9	 46	 50	 50	 8	 100	 True	 True	 120	 4
203	 49.601553012908504	 6.10717281340475	 1	 12	 33	 60	 60	 7	 100	 True	 False	 80	 5
204	 49.621653683559465	 6.125442117741364	 2	 15	 16	 40	 40	 1	 100	 True	 False	 127	 9
205	 49.61408614468862	 6.182113088240104	 2	 9	 35	 40	 40	 2	 100	 True	 True	 118	 3
206	 49.61782811772686	 6.169475983193072	 2	 18	 22	 70	 70	 8	 100	 True	 False	 117	 2
207	 49.5870264014969	 6.117460760700464	 2	 13	 19	 30	 30	 5	 100	 True	 False	 36	 4
208	 49.622907783727015	 6.18645577715043	 2	 15	 5	 20	 20	 5	 100	 True	 False	 134	 7
209	 49.619092079535676	 6.108666588916258	 1	 18	 46	 30	 30	 6	 100	 True	 False	 125	 8
210	 49.58503221788288	 6.115504409735637	 2	 13	 43	 50	 50	 8	 100	 True	 False	 36	 7
211	 49.64008089410817	 6.078535351305545	 2	 18	 28	 20	 20	 9	 100	 True	 False	 166	 4
212	 49.601656100252235	 6.125790979103612	 1	 12	 24	 50	 50	 3	 100	 True	 False	 82	 3
213	 49.60093133960836	 6.142538678324	 2	 9	 54	 60	 60	 6	 100	 True	 True	 69	 9
214	 49.62138654609036	 6.130272011325355	 2	 9	 54	 60	 60	 6	 100	 True	 True	 127	 3
215	 49.60940043946237	 6.136842271134244	 1	 9	 7	 30	 30	 3	 100	 True	 True	 98	 10
216	 49.62096403651991	 6.157056227438001	 2	 15	 49	 50	 50	 3	 100	 True	 False	 130	 7
217	 49.605530984772194	 6.152286032345314	 2	 9	 14	 20	 20	 3	 100	 True	 True	 85	 10
218	 49.60356696047162	 6.107355557548607	 2	 15	 12	 60	 60	 2	 100	 True	 False	 80	 7
219	 49.628325364048266	 6.132742934618989	 2	 9	 46	 60	 60	 8	 100	 True	 True	 143	 2
220	 49.64038003908788	 6.149305525960709	 1	 18	 58	 40	 40	 5	 100	 True	 False	 175	 7
221	 49.62240420534086	 6.153545883176651	 2	 18	 32	 40	 40	 8	 100	 True	 False	 130	 9
222	 49.60444594891782	 6.097696353041701	 2	 18	 21	 20	 20	 1	 100	 True	 False	 79	 5
223	 49.59047859686333	 6.122768761174411	 1	 9	 42	 60	 60	 8	 100	 True	 True	 52	 9
224	 49.60067719975662	 6.148794167726844	 2	 9	 58	 60	 60	 7	 100	 True	 True	 70	 8
225	 49.61387632760535	 6.138581297363925	 1	 9	 26	 60	 60	 2	 100	 True	 True	 113	 9
226	 49.60831485192652	 6.135081877181227	 2	 18	 45	 70	 70	 6	 100	 True	 False	 98	 4
227	 49.63051648600251	 6.177533344194194	 1	 9	 33	 60	 60	 1	 100	 True	 True	 163	 5
228	 49.64166269903802	 6.097615507160377	 1	 18	 50	 30	 30	 8	 100	 True	 False	 184	 2
229	 49.61570857736013	 6.131368567389367	 1	 9	 27	 50	 50	 2	 100	 True	 True	 113	 9
230	 49.607365761581086	 6.1144105922446315	 1	 12	 15	 50	 50	 9	 100	 True	 False	 96	 3
231	 49.61111863119743	 6.10399784882874	 2	 18	 34	 40	 40	 3	 100	 True	 False	 94	 5
232	 49.595691741971024	 6.132404586100677	 2	 12	 49	 50	 50	 6	 100	 True	 False	 68	 3
233	 49.60184251731279	 6.144918538180591	 2	 13	 7	 100	 100	 6	 100	 True	 False	 84	 6
234	 49.64718251635998	 6.127534492463285	 2	 18	 46	 30	 30	 4	 100	 True	 False	 202	 5
235	 49.64176556736457	 6.126854121838133	 1	 9	 3	 40	 40	 9	 100	 True	 True	 187	 1
236	 49.605527838807284	 6.141472457695546	 1	 12	 21	 80	 80	 3	 100	 True	 False	 84	 8
237	 49.60961738603197	 6.137051086649226	 1	 9	 20	 30	 30	 6	 100	 True	 True	 98	 8
238	 49.59575228256594	 6.1174689471407095	 2	 9	 58	 40	 40	 4	 100	 True	 True	 66	 6
239	 49.63933358394567	 6.143424781363565	 2	 18	 30	 50	 50	 6	 100	 True	 False	 174	 8
240	 49.640061969088855	 6.152820917208376	 2	 9	 23	 50	 50	 4	 100	 True	 True	 175	 5
241	 49.633045421853076	 6.161967192309365	 2	 14	 37	 70	 70	 7	 100	 True	 False	 161	 3
242	 49.609157723098804	 6.094373472782073	 2	 18	 34	 20	 20	 7	 100	 True	 False	 93	 7
243	 49.59664545725664	 6.153813294374244	 2	 12	 33	 20	 20	 3	 100	 True	 False	 70	 5
244	 49.612971540643194	 6.1208844040649595	 1	 9	 52	 60	 60	 3	 100	 True	 True	 111	 2
245	 49.593174303409036	 6.141257622412728	 1	 12	 9	 10	 10	 3	 100	 True	 False	 54	 1
246	 49.636285514485635	 6.092063551005088	 2	 9	 51	 20	 20	 6	 100	 True	 True	 168	 7
247	 49.60696002215593	 6.113216727093359	 2	 18	 27	 70	 70	 7	 100	 True	 False	 95	 9
248	 49.6232358289897	 6.181379557478688	 2	 9	 12	 80	 80	 2	 100	 True	 True	 133	 9
249	 49.611007641703594	 6.1259155727637005	 1	 9	 23	 50	 50	 5	 100	 True	 True	 97	 6
250	 49.62439121522513	 6.137735214077493	 2	 18	 46	 100	 100	 9	 100	 True	 False	 143	 3
251	 49.581175064840714	 6.114458053113928	 2	 18	 29	 80	 80	 8	 100	 True	 False	 21	 6
252	 49.63110390073377	 6.073071452878501	 2	 18	 48	 50	 50	 1	 100	 True	 False	 151	 7
253	 49.605870731172224	 6.094000385752665	 2	 9	 23	 20	 20	 5	 100	 True	 True	 78	 5
254	 49.62853394183004	 6.100249611499818	 2	 15	 39	 50	 50	 8	 100	 True	 False	 139	 8
255	 49.60921860745475	 6.109555437767593	 1	 9	 28	 30	 30	 4	 100	 True	 True	 95	 9
256	 49.60766578802784	 6.14273380983058	 1	 9	 34	 30	 30	 9	 100	 True	 True	 99	 9
257	 49.63039709028679	 6.093257096962414	 2	 18	 18	 20	 20	 9	 100	 True	 False	 153	 2
258	 49.64584557979665	 6.127548846517948	 2	 18	 48	 60	 60	 8	 100	 True	 False	 187	 8
259	 49.610986912006894	 6.143064973405597	 1	 9	 25	 20	 20	 9	 100	 True	 True	 99	 6
260	 49.60971661359835	 6.098085118556847	 2	 9	 43	 20	 20	 2	 100	 True	 True	 94	 6
261	 49.61007615022976	 6.122994325944396	 1	 14	 54	 20	 20	 9	 100	 True	 False	 97	 8
262	 49.640831922883166	 6.095587449494634	 1	 9	 9	 20	 20	 3	 100	 True	 True	 183	 10
263	 49.60165591327503	 6.123541471190021	 1	 9	 39	 50	 50	 5	 100	 True	 True	 82	 4
264	 49.626916013901536	 6.151866031616631	 2	 13	 56	 20	 20	 3	 100	 True	 False	 145	 4
265	 49.594821405719145	 6.1203784160927475	 2	 14	 19	 30	 30	 4	 100	 True	 False	 51	 10
266	 49.59753156957656	 6.142024214889932	 2	 9	 19	 60	 60	 8	 100	 True	 True	 69	 4
267	 49.58536832661706	 6.104488400170545	 1	 18	 7	 20	 20	 5	 100	 True	 False	 34	 3
268	 49.587024357350764	 6.134850484258039	 2	 14	 40	 70	 70	 5	 100	 True	 False	 38	 8
269	 49.6135182013007	 6.131741983828345	 2	 12	 22	 60	 60	 2	 100	 True	 False	 113	 2
270	 49.62698508247738	 6.160270782542116	 1	 9	 54	 50	 50	 6	 100	 True	 True	 146	 1
271	 49.61917307063373	 6.163036471767274	 2	 18	 50	 10	 10	 9	 100	 True	 False	 131	 2
272	 49.618437669345624	 6.120712770745704	 1	 12	 19	 50	 50	 3	 100	 True	 False	 126	 6
273	 49.61924628666686	 6.133879987402212	 1	 18	 15	 60	 60	 7	 100	 True	 False	 128	 6
274	 49.579704955433485	 6.089050272657011	 2	 9	 41	 70	 70	 5	 100	 True	 True	 18	 5
275	 49.58349085037702	 6.110677378350882	 2	 9	 58	 100	 100	 5	 100	 True	 True	 20	 8
276	 49.619487206790104	 6.122241920255587	 2	 9	 40	 20	 20	 8	 100	 True	 True	 126	 9
277	 49.626593370489395	 6.138815376412402	 1	 9	 24	 40	 40	 7	 100	 True	 True	 143	 9
278	 49.61205890352914	 6.106112410443396	 2	 9	 17	 60	 60	 9	 100	 True	 True	 95	 2
279	 49.610175977158534	 6.107642562335753	 2	 18	 37	 20	 20	 9	 100	 True	 False	 95	 9
280	 49.611007641703594	 6.1259155727637005	 1	 18	 35	 20	 20	 3	 100	 True	 False	 97	 4
281	 49.61093957483363	 6.144985816933962	 2	 9	 29	 30	 30	 2	 100	 True	 True	 99	 4
282	 49.6309501270447	 6.110664051006556	 2	 18	 36	 70	 70	 1	 100	 True	 False	 155	 8
283	 49.635552600067484	 6.163554682087999	 2	 9	 29	 60	 60	 9	 100	 True	 True	 176	 7
284	 49.6241560943164	 6.119091452131432	 1	 9	 10	 20	 20	 7	 100	 True	 True	 141	 5
285	 49.598875122344666	 6.142294905058634	 2	 14	 2	 10	 10	 9	 100	 True	 False	 69	 2
286	 49.62894235370267	 6.144998317521504	 2	 18	 46	 40	 40	 7	 100	 True	 False	 144	 10
287	 49.63310650853008	 6.173235906108586	 1	 18	 15	 10	 10	 5	 100	 True	 False	 162	 2
288	 49.610413486085406	 6.15434698099616	 1	 9	 34	 50	 50	 6	 100	 True	 True	 100	 2
289	 49.64929931685093	 6.146917551226238	 1	 9	 25	 60	 60	 7	 100	 True	 True	 204	 8
290	 49.60603574680952	 6.14491247922065	 2	 9	 13	 40	 40	 3	 100	 True	 True	 84	 7
291	 49.62844097628683	 6.134841990821975	 1	 18	 23	 60	 60	 9	 100	 True	 False	 143	 3
292	 49.61262328804714	 6.1758736245128425	 1	 9	 26	 70	 70	 7	 100	 True	 True	 118	 3
293	 49.60032437964368	 6.107465510910416	 1	 15	 34	 50	 50	 8	 100	 True	 False	 65	 2
294	 49.63509786736671	 6.157512943249995	 1	 9	 40	 30	 30	 4	 100	 True	 True	 176	 7
295	 49.60595904143624	 6.144741787121636	 2	 18	 41	 50	 50	 2	 100	 True	 False	 84	 6
296	 49.64341429040175	 6.125984946516292	 2	 13	 57	 70	 70	 7	 100	 True	 False	 187	 7
297	 49.64710161460895	 6.118375618452966	 1	 18	 52	 30	 30	 7	 100	 True	 False	 201	 7
298	 49.64022248926318	 6.114860809499678	 1	 9	 50	 50	 50	 8	 100	 True	 True	 171	 8
299	 49.607830589435785	 6.168239782492396	 1	 9	 34	 20	 20	 8	 100	 True	 True	 102	 7
300	 49.62925052897526	 6.120180222713757	 2	 18	 34	 60	 60	 7	 100	 True	 False	 141	 3
301	 49.60834349043586	 6.132263297962095	 2	 9	 13	 30	 30	 9	 100	 True	 True	 98	 9
302	 49.59440415716413	 6.14427223771473	 2	 13	 2	 40	 40	 8	 100	 True	 False	 54	 3
303	 49.629321050940305	 6.073195203942153	 1	 9	 4	 40	 40	 8	 100	 True	 True	 136	 2
304	 49.600439324358796	 6.132218432050338	 2	 18	 38	 50	 50	 2	 100	 True	 False	 68	 3
305	 49.602020763599334	 6.14537155796506	 2	 9	 22	 10	 10	 4	 100	 True	 True	 84	 4
306	 49.60928832352124	 6.096711478885503	 1	 9	 53	 60	 60	 1	 100	 True	 True	 94	 9
307	 49.607784023466166	 6.11149490141358	 1	 9	 45	 40	 40	 4	 100	 True	 True	 95	 7
308	 49.624760176039004	 6.104367416726034	 1	 9	 30	 20	 20	 9	 100	 True	 True	 139	 2
309	 49.61518349138116	 6.161137342167622	 1	 9	 55	 50	 50	 4	 100	 True	 True	 116	 10
310	 49.61878895855238	 6.106817283027776	 1	 18	 5	 30	 30	 6	 100	 True	 False	 125	 8
311	 49.61120682646838	 6.180146970468003	 2	 9	 9	 50	 50	 8	 100	 True	 True	 103	 8
312	 49.6372478115287	 6.103500098477605	 2	 15	 41	 70	 70	 6	 100	 True	 False	 169	 1
313	 49.606990530563344	 6.149099999216204	 2	 15	 52	 60	 60	 3	 100	 True	 False	 100	 8
314	 49.610254697720464	 6.175783363829545	 1	 9	 29	 40	 40	 6	 100	 True	 True	 103	 5
315	 49.645718612781266	 6.145881163143751	 2	 9	 10	 100	 100	 8	 100	 True	 True	 189	 5
316	 49.58831624504647	 6.119576829956828	 2	 9	 28	 20	 20	 2	 100	 True	 True	 36	 9
317	 49.622951382313225	 6.166662951345393	 2	 18	 37	 60	 60	 2	 100	 True	 False	 132	 9
318	 49.64779566252294	 6.110541796602697	 2	 9	 5	 20	 20	 4	 100	 True	 True	 200	 5
319	 49.58998706343359	 6.105385673269046	 1	 13	 58	 40	 40	 2	 100	 True	 False	 50	 3
320	 49.61463639050625	 6.128779912861612	 1	 9	 52	 20	 20	 7	 100	 True	 True	 112	 2
321	 49.6050320619607	 6.151359017592125	 2	 9	 15	 20	 20	 4	 100	 True	 True	 85	 7
322	 49.640911546187496	 6.093770713732202	 1	 18	 11	 30	 30	 8	 100	 True	 False	 183	 7
323	 49.60245214313907	 6.1379752226249105	 2	 9	 3	 40	 40	 6	 100	 True	 True	 83	 5
324	 49.62705391074004	 6.151630387876615	 2	 9	 22	 70	 70	 7	 100	 True	 True	 145	 7
325	 49.60837577457606	 6.123897602031171	 2	 18	 15	 30	 30	 7	 100	 True	 False	 97	 2
326	 49.61103015753428	 6.162188059068011	 1	 9	 4	 40	 40	 6	 100	 True	 True	 101	 4
327	 49.619283176754074	 6.109859061877468	 2	 12	 27	 30	 30	 2	 100	 True	 False	 125	 6
328	 49.57881724589055	 6.11671362668024	 1	 13	 4	 20	 20	 6	 100	 True	 False	 21	 7
329	 49.611722783974116	 6.138098562051261	 2	 9	 25	 30	 30	 3	 100	 True	 True	 98	 6
330	 49.60787555142134	 6.17335696261362	 2	 12	 29	 70	 70	 3	 100	 True	 False	 102	 2
331	 49.62949180093833	 6.120702328781586	 1	 12	 28	 60	 60	 3	 100	 True	 False	 156	 9
332	 49.61206417551508	 6.145641636064912	 2	 18	 7	 50	 50	 7	 100	 True	 False	 99	 9
333	 49.633493410487894	 6.174416450607967	 2	 9	 45	 30	 30	 3	 100	 True	 True	 162	 6
334	 49.57724653276067	 6.084892254981554	 2	 12	 54	 40	 40	 5	 100	 True	 False	 2	 2
335	 49.60427352757977	 6.11545259726215	 1	 9	 4	 30	 30	 2	 100	 True	 True	 81	 8
336	 49.632272627788225	 6.11155201197893	 2	 15	 16	 10	 10	 5	 100	 True	 False	 155	 2
337	 49.60488267378108	 6.151247554982085	 2	 14	 32	 30	 30	 8	 100	 True	 False	 85	 9
338	 49.625580457313546	 6.177129963905042	 1	 18	 23	 60	 60	 8	 100	 True	 False	 148	 5
339	 49.63139133719935	 6.151716774747378	 2	 9	 11	 20	 20	 5	 100	 True	 True	 160	 7
340	 49.618610655747524	 6.1471860991054035	 1	 13	 50	 70	 70	 9	 100	 True	 False	 129	 3
341	 49.60866683707999	 6.126179172797212	 2	 9	 31	 40	 40	 7	 100	 True	 True	 97	 2
342	 49.58896986955049	 6.1068201997043365	 2	 12	 9	 30	 30	 1	 100	 True	 False	 35	 4
343	 49.628262526083546	 6.159689484096315	 1	 18	 49	 40	 40	 7	 100	 True	 False	 146	 10
344	 49.59531898833035	 6.148300968721125	 2	 9	 44	 20	 20	 9	 100	 True	 True	 54	 5
345	 49.619599045760324	 6.157641591452475	 2	 12	 32	 30	 30	 6	 100	 True	 False	 131	 4
346	 49.62249613856001	 6.173457516796258	 2	 12	 4	 20	 20	 7	 100	 True	 False	 132	 4
347	 49.61484925771964	 6.109015545245116	 1	 14	 28	 20	 20	 2	 100	 True	 False	 110	 3
348	 49.60034466132574	 6.149430264566008	 1	 12	 15	 80	 80	 6	 100	 True	 False	 70	 3
349	 49.59309282165379	 6.093498362844109	 2	 15	 58	 30	 30	 7	 100	 True	 False	 48	 2
350	 49.609890886984616	 6.175516919625686	 2	 9	 58	 70	 70	 9	 100	 True	 True	 103	 5
351	 49.61450385917893	 6.130063412421488	 2	 15	 40	 70	 70	 6	 100	 True	 False	 112	 1
352	 49.58541856571682	 6.092550746948816	 2	 9	 52	 40	 40	 1	 100	 True	 True	 33	 8
353	 49.62545866641244	 6.107060618954393	 1	 9	 42	 60	 60	 8	 100	 True	 True	 140	 4
354	 49.61156887020522	 6.123212290807675	 1	 9	 45	 70	 70	 1	 100	 True	 True	 97	 4
355	 49.61877287862258	 6.140505225854508	 1	 9	 55	 70	 70	 5	 100	 True	 True	 129	 5
356	 49.61539833033723	 6.130507270839467	 1	 14	 23	 70	 70	 5	 100	 True	 False	 112	 2
357	 49.63695393274481	 6.1066754889319474	 1	 18	 27	 60	 60	 7	 100	 True	 False	 170	 3
358	 49.63971556491664	 6.146619999679572	 2	 18	 12	 20	 20	 7	 100	 True	 False	 174	 2
359	 49.63421067430508	 6.083698364427038	 1	 18	 49	 20	 20	 3	 100	 True	 False	 152	 2
360	 49.6328762452166	 6.140696618318178	 2	 13	 58	 40	 40	 8	 100	 True	 False	 159	 3
361	 49.64409474671615	 6.0967809002440445	 2	 18	 38	 40	 40	 8	 100	 True	 False	 184	 1
362	 49.61931731261899	 6.1087247649137035	 2	 18	 16	 30	 30	 5	 100	 True	 False	 125	 5
363	 49.61155310246288	 6.156700480127808	 1	 18	 17	 10	 10	 8	 100	 True	 False	 100	 2
364	 49.64506802220871	 6.120257736752999	 1	 18	 28	 60	 60	 1	 100	 True	 False	 186	 9
365	 49.637151802077796	 6.126913183622916	 2	 12	 57	 30	 30	 4	 100	 True	 False	 172	 7
366	 49.59373454800796	 6.128311174723607	 2	 14	 27	 50	 50	 7	 100	 True	 False	 52	 1
367	 49.62958893827888	 6.104058816040875	 1	 18	 44	 40	 40	 1	 100	 True	 False	 154	 8
368	 49.60466307399155	 6.134591640720882	 2	 18	 17	 50	 50	 6	 100	 True	 False	 83	 5
369	 49.64316089520942	 6.127029730464458	 1	 9	 21	 70	 70	 2	 100	 True	 True	 187	 10
370	 49.593694796528155	 6.128509429164552	 2	 18	 17	 60	 60	 7	 100	 True	 False	 52	 9
371	 49.59176643137203	 6.120766869964046	 1	 12	 14	 70	 70	 7	 100	 True	 False	 51	 3
372	 49.62364152514577	 6.168612019203548	 2	 18	 13	 40	 40	 8	 100	 True	 False	 132	 8
373	 49.608834852502135	 6.150442316239371	 2	 18	 32	 40	 40	 2	 100	 True	 False	 100	 4
374	 49.60991180603449	 6.198887035597137	 1	 15	 30	 50	 50	 4	 100	 True	 False	 105	 10
375	 49.60321757381402	 6.121475981133231	 1	 15	 0	 10	 10	 8	 100	 True	 False	 81	 4
376	 49.607508207830904	 6.165143323988546	 1	 18	 1	 60	 60	 8	 100	 True	 False	 101	 9
377	 49.63062668528734	 6.173643759433409	 2	 15	 34	 70	 70	 5	 100	 True	 False	 162	 7
378	 49.61661219170073	 6.117717286826568	 1	 12	 25	 40	 40	 5	 100	 True	 False	 111	 6
379	 49.63826731156144	 6.150254967614442	 1	 18	 10	 40	 40	 6	 100	 True	 False	 175	 9
380	 49.63334340482729	 6.168402796727285	 2	 18	 26	 60	 60	 9	 100	 True	 False	 162	 3
381	 49.6065433766669	 6.100062305435747	 1	 18	 41	 80	 80	 1	 100	 True	 False	 79	 5
382	 49.61944747804461	 6.162578778899974	 1	 9	 31	 60	 60	 8	 100	 True	 True	 131	 5
383	 49.623227175881595	 6.177491136479555	 2	 9	 52	 40	 40	 2	 100	 True	 True	 133	 4
384	 49.60755982878674	 6.1102145147957465	 2	 9	 16	 50	 50	 7	 100	 True	 True	 95	 8
385	 49.63269681828032	 6.078796870700464	 1	 9	 38	 40	 40	 7	 100	 True	 True	 152	 8
386	 49.60831523378344	 6.145878413192297	 1	 9	 55	 30	 30	 9	 100	 True	 True	 99	 3
387	 49.6291213702048	 6.167765548263645	 2	 9	 10	 20	 20	 6	 100	 True	 True	 147	 9
388	 49.633325686296025	 6.099772913206858	 1	 9	 32	 30	 30	 7	 100	 True	 True	 154	 8
389	 49.610810118795904	 6.153582761661435	 2	 18	 33	 30	 30	 8	 100	 True	 False	 100	 8
390	 49.60259197569868	 6.084956208521838	 2	 9	 26	 60	 60	 2	 100	 True	 True	 77	 10
391	 49.58480269025142	 6.126444229706888	 2	 9	 57	 40	 40	 8	 100	 True	 True	 37	 7
392	 49.60052841678816	 6.155723872407744	 1	 9	 5	 100	 100	 4	 100	 True	 True	 70	 7
393	 49.61151595527599	 6.15654459195353	 1	 9	 14	 20	 20	 9	 100	 True	 True	 100	 1
394	 49.61701333339559	 6.1655874056350415	 2	 18	 37	 40	 40	 9	 100	 True	 False	 116	 5
395	 49.597825007624316	 6.150057144384915	 1	 18	 54	 20	 20	 3	 100	 True	 False	 70	 5
396	 49.62587334393566	 6.094333835273876	 2	 18	 11	 30	 30	 6	 100	 True	 False	 138	 6
397	 49.637468351027394	 6.168059304676202	 1	 9	 33	 50	 50	 8	 100	 True	 True	 177	 9
398	 49.603043837632	 6.08903823369311	 2	 12	 14	 20	 20	 7	 100	 True	 False	 78	 8
399	 49.61656231076701	 6.146682699619315	 2	 12	 41	 10	 10	 8	 100	 True	 False	 114	 7
400	 49.636993938023636	 6.094955275592272	 1	 9	 28	 40	 40	 8	 100	 True	 True	 168	 2
401	 49.61813872952682	 6.155610884675575	 1	 9	 37	 70	 70	 5	 100	 True	 True	 130	 8
402	 49.62844864840716	 6.141385604800872	 2	 9	 37	 40	 40	 1	 100	 True	 True	 144	 2
403	 49.624165283876344	 6.145895089797628	 2	 9	 11	 20	 20	 6	 100	 True	 True	 144	 5
404	 49.589339695252484	 6.130941069493501	 2	 18	 39	 30	 30	 2	 100	 True	 False	 37	 6
405	 49.63656240439637	 6.116546876263181	 2	 9	 23	 10	 10	 5	 100	 True	 True	 171	 8
406	 49.59167426197723	 6.141572646065527	 1	 14	 41	 100	 100	 6	 100	 True	 False	 54	 7
407	 49.59195331986932	 6.077063001770408	 2	 13	 49	 80	 80	 4	 100	 True	 False	 46	 8
408	 49.63692544176744	 6.117308539416631	 2	 12	 3	 50	 50	 8	 100	 True	 False	 171	 7
409	 49.60658975832874	 6.166596961106216	 1	 18	 46	 20	 20	 2	 100	 True	 False	 87	 7
410	 49.60524287602478	 6.133403292830186	 2	 9	 27	 70	 70	 7	 100	 True	 True	 83	 10
411	 49.60599656931978	 6.13615706244496	 2	 18	 26	 40	 40	 1	 100	 True	 False	 83	 6
412	 49.63188660050075	 6.172049673703234	 2	 18	 12	 30	 30	 4	 100	 True	 False	 162	 8
413	 49.61575583192732	 6.120169450123213	 2	 15	 4	 20	 20	 4	 100	 True	 False	 111	 5
414	 49.607724269329346	 6.174956604791249	 2	 9	 1	 70	 70	 6	 100	 True	 True	 102	 6
415	 49.63216102862921	 6.1796126186106415	 2	 13	 36	 20	 20	 2	 100	 True	 False	 163	 9
416	 49.6304698052736	 6.125188444150607	 2	 9	 4	 80	 80	 4	 100	 True	 True	 157	 8
417	 49.61041717006964	 6.1242431680927805	 1	 9	 15	 40	 40	 8	 100	 True	 True	 97	 1
418	 49.63173422531366	 6.143617677272328	 2	 9	 58	 50	 50	 2	 100	 True	 True	 159	 3
419	 49.631638161982934	 6.139239056557935	 2	 12	 13	 60	 60	 9	 100	 True	 False	 158	 2
420	 49.62804880622648	 6.138196331541906	 2	 9	 54	 50	 50	 6	 100	 True	 True	 143	 6
421	 49.64995188264636	 6.113297812350536	 2	 12	 46	 40	 40	 1	 100	 True	 False	 200	 7
422	 49.63881459512683	 6.152744193901292	 2	 9	 46	 50	 50	 1	 100	 True	 True	 175	 6
423	 49.607859258980625	 6.125466969233412	 2	 18	 15	 70	 70	 5	 100	 True	 False	 97	 9
424	 49.601288822472455	 6.097152970755736	 2	 13	 56	 10	 10	 7	 100	 True	 False	 79	 8
425	 49.616737579517334	 6.129470697874722	 1	 18	 40	 50	 50	 7	 100	 True	 False	 112	 3
426	 49.64538400159513	 6.119913194283706	 1	 9	 53	 40	 40	 1	 100	 True	 True	 186	 1
427	 49.626362600719816	 6.0920996138325885	 1	 13	 33	 40	 40	 3	 100	 True	 False	 138	 7
428	 49.592983984634785	 6.147580123763083	 2	 9	 5	 50	 50	 2	 100	 True	 True	 54	 2
429	 49.63951723540416	 6.124779633458437	 1	 9	 30	 60	 60	 1	 100	 True	 True	 172	 2
430	 49.60464307507181	 6.163141621681823	 1	 9	 28	 40	 40	 4	 100	 True	 True	 86	 2
431	 49.62790226527172	 6.161367700463476	 2	 18	 44	 70	 70	 5	 100	 True	 False	 146	 6
432	 49.610023461294	 6.095577768423869	 1	 12	 54	 50	 50	 1	 100	 True	 False	 93	 10
433	 49.58255850827339	 6.100745514184435	 2	 18	 48	 30	 30	 3	 100	 True	 False	 19	 6
434	 49.63310078813461	 6.086512577491946	 2	 9	 17	 20	 20	 4	 100	 True	 True	 152	 4
435	 49.61547649512054	 6.1265948071643415	 1	 18	 11	 20	 20	 9	 100	 True	 False	 112	 9
436	 49.595535834197314	 6.112817662017478	 1	 9	 15	 50	 50	 5	 100	 True	 True	 65	 8
437	 49.629824623275276	 6.0879459267179845	 2	 9	 56	 50	 50	 4	 100	 True	 True	 153	 9
438	 49.58508815711531	 6.091552496784518	 1	 9	 18	 30	 30	 3	 100	 True	 True	 33	 3
439	 49.60083656250386	 6.114685464645295	 1	 18	 42	 40	 40	 5	 100	 True	 False	 66	 7
440	 49.60000370433138	 6.115496751438988	 2	 18	 32	 30	 30	 6	 100	 True	 False	 66	 2
441	 49.61207333655926	 6.187709262981097	 2	 9	 34	 50	 50	 5	 100	 True	 True	 104	 9
442	 49.61724355041262	 6.135466737116756	 2	 9	 56	 70	 70	 1	 100	 True	 True	 113	 9
443	 49.604181957702366	 6.163593212799886	 2	 15	 14	 20	 20	 6	 100	 True	 False	 86	 8
444	 49.643183310227904	 6.077831907053968	 1	 18	 56	 30	 30	 1	 100	 True	 False	 181	 7
445	 49.618111478132846	 6.171249908271095	 2	 9	 9	 60	 60	 1	 100	 True	 True	 132	 5
446	 49.618587386885146	 6.169049256160417	 2	 18	 47	 20	 20	 2	 100	 True	 False	 132	 8
447	 49.58840542517197	 6.1043241075677575	 2	 9	 14	 30	 30	 3	 100	 True	 True	 34	 6
448	 49.64703646434231	 6.13449574684536	 2	 9	 9	 50	 50	 7	 100	 True	 True	 203	 3
449	 49.586974652069166	 6.085490494032682	 2	 9	 38	 20	 20	 7	 100	 True	 True	 32	 2
450	 49.616203845227176	 6.157313775647016	 2	 18	 58	 20	 20	 8	 100	 True	 False	 115	 5
451	 49.59593219009437	 6.1449788512471715	 1	 14	 52	 20	 20	 7	 100	 True	 False	 69	 8
452	 49.60301968150556	 6.124967721286977	 1	 9	 3	 20	 20	 1	 100	 True	 True	 82	 6
453	 49.62664273115824	 6.156902631632572	 2	 18	 12	 70	 70	 9	 100	 True	 False	 145	 9
454	 49.64863813353792	 6.142748738736186	 2	 12	 4	 40	 40	 5	 100	 True	 False	 204	 3
455	 49.60043024590886	 6.093112099290809	 1	 18	 53	 80	 80	 7	 100	 True	 False	 63	 9
456	 49.60958120019123	 6.094487623372177	 1	 9	 14	 20	 20	 3	 100	 True	 True	 93	 9
457	 49.60405440282441	 6.146309066287837	 2	 9	 43	 20	 20	 3	 100	 True	 True	 84	 2
458	 49.589317917456555	 6.131861914237623	 1	 9	 37	 40	 40	 1	 100	 True	 True	 38	 1
459	 49.593588714035626	 6.1468171736272765	 2	 18	 56	 20	 20	 3	 100	 True	 False	 54	 8
460	 49.624474138380435	 6.114707877337613	 1	 9	 1	 70	 70	 3	 100	 True	 True	 141	 6
461	 49.63115676989823	 6.162880846329096	 1	 18	 7	 10	 10	 5	 100	 True	 False	 161	 9
462	 49.62684493545185	 6.101215523556821	 2	 13	 46	 40	 40	 3	 100	 True	 False	 139	 7
463	 49.60852574328946	 6.151271276949169	 1	 9	 20	 70	 70	 2	 100	 True	 True	 100	 4
464	 49.62065175504273	 6.146735377603698	 2	 18	 17	 10	 10	 9	 100	 True	 False	 129	 1
465	 49.6240290700351	 6.124209089855472	 1	 13	 54	 70	 70	 9	 100	 True	 False	 142	 5
466	 49.63811576355732	 6.13060586746019	 2	 9	 11	 50	 50	 4	 100	 True	 True	 172	 7
467	 49.579379124430545	 6.092440669955898	 2	 18	 7	 60	 60	 6	 100	 True	 False	 18	 3
468	 49.62242426626939	 6.129234471039054	 1	 18	 27	 30	 30	 6	 100	 True	 False	 127	 2
469	 49.61666476205367	 6.131943447537704	 1	 13	 16	 100	 100	 5	 100	 True	 False	 113	 9
470	 49.607236152238464	 6.1485653971249175	 2	 9	 58	 10	 10	 2	 100	 True	 True	 99	 10
471	 49.60356696047162	 6.107355557548607	 2	 18	 9	 30	 30	 9	 100	 True	 False	 80	 9
472	 49.589436160716886	 6.114895124425494	 1	 15	 12	 70	 70	 7	 100	 True	 False	 36	 3
473	 49.63821959843968	 6.110875697540451	 1	 9	 35	 30	 30	 9	 100	 True	 True	 170	 8
474	 49.5956157894896	 6.113170175267025	 2	 12	 35	 70	 70	 3	 100	 True	 False	 65	 6
475	 49.60832900249863	 6.121234085401234	 2	 9	 29	 20	 20	 8	 100	 True	 True	 96	 10
476	 49.63190120808245	 6.088331644761372	 1	 12	 49	 70	 70	 5	 100	 True	 False	 153	 8
477	 49.609642994950214	 6.10559014439047	 1	 9	 12	 10	 10	 6	 100	 True	 True	 95	 8
478	 49.62793498536264	 6.108553375413133	 1	 13	 40	 10	 10	 1	 100	 True	 False	 140	 5
479	 49.60201943427822	 6.112573008594197	 1	 9	 22	 60	 60	 6	 100	 True	 True	 80	 7
480	 49.639153070437104	 6.1249386943357536	 2	 9	 55	 100	 100	 1	 100	 True	 True	 172	 6
481	 49.614016335932035	 6.200935073871838	 1	 18	 41	 40	 40	 3	 100	 True	 False	 120	 5
482	 49.62978014254986	 6.161845691886133	 2	 12	 20	 50	 50	 5	 100	 True	 False	 161	 9
483	 49.60890862278573	 6.181137648192199	 1	 9	 55	 20	 20	 9	 100	 True	 True	 103	 3
484	 49.59742101120275	 6.132568291103957	 2	 15	 43	 20	 20	 9	 100	 True	 False	 68	 6
485	 49.59700887505326	 6.135104976256365	 1	 18	 22	 60	 60	 9	 100	 True	 False	 68	 5
486	 49.62275219730053	 6.151240314593552	 2	 18	 55	 20	 20	 2	 100	 True	 False	 130	 5
487	 49.61825216430524	 6.16805154713055	 1	 9	 22	 40	 40	 6	 100	 True	 True	 132	 4
488	 49.63075177556527	 6.1077617697888735	 1	 9	 19	 30	 30	 6	 100	 True	 True	 155	 8
489	 49.647593305057846	 6.154446701798546	 2	 14	 42	 70	 70	 1	 100	 True	 False	 205	 10
490	 49.61364280625514	 6.130977255544626	 2	 13	 26	 60	 60	 4	 100	 True	 False	 112	 4
491	 49.62634788894288	 6.156778475500002	 2	 15	 38	 60	 60	 1	 100	 True	 False	 145	 9
492	 49.59220282338934	 6.128893857097353	 2	 18	 51	 70	 70	 6	 100	 True	 False	 52	 1
493	 49.63606219856222	 6.161581086632218	 1	 9	 27	 20	 20	 6	 100	 True	 True	 176	 8
494	 49.63647978795882	 6.105682550169622	 1	 15	 38	 70	 70	 7	 100	 True	 False	 170	 8
495	 49.63471332575963	 6.163461366654682	 2	 9	 11	 70	 70	 6	 100	 True	 True	 161	 9
496	 49.59773591758219	 6.150150776292891	 1	 9	 41	 70	 70	 7	 100	 True	 True	 70	 7
497	 49.60981606603127	 6.161525000681295	 2	 18	 55	 70	 70	 4	 100	 True	 False	 101	 7
498	 49.6074035915357	 6.121931428745172	 2	 12	 53	 70	 70	 4	 100	 True	 False	 96	 1
499	 49.60662540873325	 6.13931162964596	 2	 9	 16	 60	 60	 7	 100	 True	 True	 83	 3
500	 49.641018884917465	 6.079858896174506	 2	 9	 23	 30	 30	 9	 100	 True	 True	 182	 8
501	 49.61809049508853	 6.1463555516020385	 1	 9	 54	 20	 20	 8	 100	 True	 True	 129	 9
502	 49.63055646193307	 6.164536045388024	 1	 9	 39	 50	 50	 7	 100	 True	 True	 161	 7
503	 49.581572831630126	 6.089615189579322	 1	 18	 2	 50	 50	 5	 100	 True	 False	 18	 7
504	 49.646982009062775	 6.1335316236041635	 1	 9	 52	 40	 40	 8	 100	 True	 True	 203	 6
505	 49.62828632006579	 6.161838641960677	 1	 18	 48	 50	 50	 9	 100	 True	 False	 146	 2
506	 49.61354529295372	 6.144668278219049	 2	 15	 4	 60	 60	 4	 100	 True	 False	 114	 9
507	 49.60642011475135	 6.109977642948797	 2	 9	 46	 50	 50	 1	 100	 True	 True	 80	 5
508	 49.589901425870565	 6.125519191797073	 2	 18	 26	 70	 70	 3	 100	 True	 False	 52	 7
509	 49.60605769508994	 6.110287072304897	 1	 9	 17	 30	 30	 3	 100	 True	 True	 80	 3
510	 49.61389550990881	 6.1323427000717725	 1	 14	 49	 40	 40	 3	 100	 True	 False	 113	 9
511	 49.60670919868048	 6.102455340824355	 1	 13	 33	 60	 60	 2	 100	 True	 False	 94	 10
512	 49.62148246429776	 6.131618508586527	 1	 15	 40	 20	 20	 9	 100	 True	 False	 128	 2
513	 49.58737820200884	 6.10814680212232	 1	 13	 44	 30	 30	 5	 100	 True	 False	 35	 4
514	 49.60298500418257	 6.160659722367325	 1	 18	 7	 30	 30	 3	 100	 True	 False	 86	 6
515	 49.61831174176538	 6.125616112349159	 2	 18	 4	 40	 40	 8	 100	 True	 False	 127	 9
516	 49.61275843698423	 6.1306467689685284	 1	 9	 43	 80	 80	 4	 100	 True	 True	 112	 6
517	 49.61599495159325	 6.14454206310226	 2	 9	 14	 70	 70	 6	 100	 True	 True	 114	 8
518	 49.62149534892105	 6.185152224790814	 1	 18	 29	 80	 80	 6	 100	 True	 False	 134	 2
519	 49.61437465609948	 6.194127927698756	 2	 12	 2	 50	 50	 1	 100	 True	 False	 120	 10
520	 49.608041217856226	 6.145101892684582	 2	 9	 58	 60	 60	 9	 100	 True	 True	 99	 6
521	 49.59600443466205	 6.141434805244104	 2	 9	 50	 10	 10	 6	 100	 True	 True	 69	 1
522	 49.6201290227431	 6.141903949882505	 2	 12	 16	 40	 40	 7	 100	 True	 False	 129	 6
523	 49.61912032569495	 6.1346253328942515	 2	 14	 57	 60	 60	 3	 100	 True	 False	 128	 3
524	 49.598348422638345	 6.132636793570865	 2	 18	 14	 40	 40	 6	 100	 True	 False	 68	 7
525	 49.63562827356371	 6.080362182925732	 1	 15	 47	 30	 30	 5	 100	 True	 False	 167	 4
526	 49.620503053458265	 6.126586728968392	 2	 18	 53	 60	 60	 8	 100	 True	 False	 127	 6
527	 49.63282694316511	 6.136651605615907	 1	 18	 20	 20	 20	 4	 100	 True	 False	 158	 4
528	 49.60913396054212	 6.1260154474637885	 1	 9	 27	 30	 30	 8	 100	 True	 True	 97	 6
529	 49.59380274996911	 6.140645494723279	 1	 18	 26	 50	 50	 2	 100	 True	 False	 54	 7
530	 49.61802034428136	 6.130688301305883	 2	 12	 21	 70	 70	 4	 100	 True	 False	 112	 6
531	 49.62729115513398	 6.11115317313613	 2	 9	 35	 30	 30	 2	 100	 True	 True	 140	 7
532	 49.61561952107454	 6.138392495920913	 2	 14	 24	 20	 20	 4	 100	 True	 False	 113	 9
533	 49.62093704666183	 6.177782367087355	 1	 9	 51	 60	 60	 4	 100	 True	 True	 133	 10
534	 49.60963024449142	 6.097037785652501	 2	 9	 43	 60	 60	 9	 100	 True	 True	 94	 9
535	 49.64894324516279	 6.136717456980894	 1	 15	 36	 60	 60	 5	 100	 True	 False	 203	 4
536	 49.624225606811144	 6.140460198098165	 1	 12	 58	 70	 70	 6	 100	 True	 False	 144	 4
537	 49.61278817515246	 6.139935767938025	 1	 18	 24	 60	 60	 2	 100	 True	 False	 113	 8
538	 49.62097190468687	 6.127233718488423	 2	 9	 43	 20	 20	 1	 100	 True	 True	 127	 10
539	 49.622459532949215	 6.168949204259711	 1	 18	 5	 40	 40	 6	 100	 True	 False	 132	 4
540	 49.618357469287695	 6.14053638884991	 1	 13	 17	 40	 40	 9	 100	 True	 False	 129	 7
541	 49.61801465213209	 6.117202481646687	 1	 9	 18	 30	 30	 7	 100	 True	 True	 111	 2
542	 49.59937743054668	 6.13917978203749	 2	 9	 40	 30	 30	 3	 100	 True	 True	 68	 5
543	 49.623069558610844	 6.124571404134193	 2	 14	 21	 30	 30	 9	 100	 True	 False	 127	 8
544	 49.60659074008532	 6.126967257166557	 1	 9	 12	 60	 60	 1	 100	 True	 True	 82	 1
545	 49.591553349660124	 6.140323894928411	 2	 12	 16	 80	 80	 4	 100	 True	 False	 54	 8
546	 49.60440476410546	 6.093792006977791	 1	 9	 50	 60	 60	 1	 100	 True	 True	 78	 10
547	 49.615738169700016	 6.12963660504522	 2	 18	 30	 50	 50	 1	 100	 True	 False	 112	 6
548	 49.60565415293088	 6.18901744671686	 1	 14	 44	 70	 70	 6	 100	 True	 False	 89	 9
549	 49.635856122588116	 6.142003328935929	 2	 9	 33	 20	 20	 1	 100	 True	 True	 174	 7
550	 49.609363773243295	 6.11542898429957	 2	 12	 28	 70	 70	 4	 100	 True	 False	 96	 2
551	 49.60605550158166	 6.124096265266269	 1	 9	 25	 60	 60	 7	 100	 True	 True	 82	 5
552	 49.606217261396566	 6.133547467469971	 1	 15	 15	 60	 60	 7	 100	 True	 False	 83	 6
553	 49.602587309606164	 6.151244451794499	 1	 9	 15	 20	 20	 2	 100	 True	 True	 85	 9
554	 49.62662536230772	 6.1568708632877325	 2	 13	 56	 50	 50	 7	 100	 True	 False	 145	 3
555	 49.60564853155838	 6.144063316489968	 1	 13	 7	 40	 40	 2	 100	 True	 False	 84	 7
556	 49.62343861282796	 6.1312543426296395	 1	 9	 56	 70	 70	 9	 100	 True	 True	 128	 10
557	 49.62098704857112	 6.108186582522846	 1	 9	 50	 50	 50	 1	 100	 True	 True	 125	 3
558	 49.64499308289457	 6.128619910250768	 1	 18	 47	 50	 50	 6	 100	 True	 False	 187	 4
559	 49.61912032569495	 6.1346253328942515	 2	 9	 9	 70	 70	 3	 100	 True	 True	 128	 7
560	 49.60003729641208	 6.145480203549118	 1	 9	 34	 60	 60	 2	 100	 True	 True	 69	 3
561	 49.6117867802474	 6.123238496690582	 1	 9	 32	 50	 50	 4	 100	 True	 True	 97	 4
562	 49.63242488842873	 6.10435944289269	 2	 13	 53	 30	 30	 2	 100	 True	 False	 154	 7
563	 49.6393117989211	 6.087828899582957	 2	 9	 13	 60	 60	 7	 100	 True	 True	 168	 3
564	 49.619266499675135	 6.157327843249604	 2	 18	 31	 70	 70	 1	 100	 True	 False	 130	 8
565	 49.63746918681702	 6.1676439869209645	 1	 9	 36	 30	 30	 5	 100	 True	 True	 177	 3
566	 49.61388658287465	 6.145052814425624	 2	 13	 15	 70	 70	 2	 100	 True	 False	 114	 4
567	 49.57472013765647	 6.106116838443373	 2	 9	 31	 60	 60	 6	 100	 True	 True	 5	 2
568	 49.607879456614754	 6.17622821986872	 1	 18	 36	 20	 20	 2	 100	 True	 False	 103	 3
569	 49.62287794380589	 6.185423886552154	 1	 9	 3	 30	 30	 8	 100	 True	 True	 134	 8
570	 49.60672424920906	 6.168195012293679	 1	 15	 30	 100	 100	 8	 100	 True	 False	 102	 1
571	 49.599422933347306	 6.130173197803871	 1	 9	 11	 60	 60	 5	 100	 True	 True	 67	 4
572	 49.59739915858693	 6.116936094847823	 1	 9	 45	 30	 30	 8	 100	 True	 True	 66	 4
573	 49.61411738388937	 6.183363701622557	 2	 15	 21	 80	 80	 5	 100	 True	 False	 118	 2
574	 49.63958962493404	 6.083290154317812	 2	 15	 47	 100	 100	 5	 100	 True	 False	 167	 5
575	 49.60004085845018	 6.134010490093084	 1	 9	 18	 60	 60	 2	 100	 True	 True	 68	 2
576	 49.629897168917196	 6.148555904682033	 1	 9	 29	 70	 70	 3	 100	 True	 True	 159	 6
577	 49.61111668225757	 6.136389977793116	 1	 13	 8	 80	 80	 4	 100	 True	 False	 98	 1
578	 49.613741312664736	 6.14137947103167	 1	 9	 27	 30	 30	 7	 100	 True	 True	 114	 2
579	 49.6237937130805	 6.130860767917802	 2	 14	 1	 80	 80	 2	 100	 True	 False	 142	 3
580	 49.58709289087247	 6.1183910113505915	 2	 13	 41	 60	 60	 9	 100	 True	 False	 36	 2
581	 49.634190561937615	 6.083726037079508	 2	 18	 52	 60	 60	 7	 100	 True	 False	 152	 8
582	 49.62462498927058	 6.1631850157643	 2	 18	 2	 20	 20	 6	 100	 True	 False	 146	 4
583	 49.57504644515192	 6.102157829035351	 2	 18	 41	 20	 20	 2	 100	 True	 False	 4	 2
584	 49.598663255228594	 6.13269370312046	 2	 9	 18	 40	 40	 5	 100	 True	 True	 68	 6
585	 49.63423576671704	 6.107244783858751	 1	 9	 45	 50	 50	 9	 100	 True	 True	 155	 4
586	 49.57915802832682	 6.082844053060343	 2	 9	 0	 30	 30	 6	 100	 True	 True	 17	 5
587	 49.61471430568586	 6.0979525734247035	 2	 15	 41	 60	 60	 2	 100	 True	 False	 109	 6
588	 49.59980003420318	 6.110534610864247	 1	 15	 26	 30	 30	 2	 100	 True	 False	 65	 5
589	 49.61591554444381	 6.105063209473015	 1	 12	 35	 40	 40	 7	 100	 True	 False	 110	 2
590	 49.60955408832697	 6.200011683513494	 2	 9	 54	 40	 40	 4	 100	 True	 True	 105	 6
591	 49.61065777877524	 6.134069439386178	 1	 12	 0	 20	 20	 2	 100	 True	 False	 98	 7
592	 49.61589700954823	 6.126520918721335	 1	 9	 36	 40	 40	 2	 100	 True	 True	 112	 2
593	 49.61250337317134	 6.129677681269499	 2	 18	 57	 70	 70	 5	 100	 True	 False	 112	 3
594	 49.60773022423526	 6.111304595018896	 2	 18	 37	 60	 60	 3	 100	 True	 False	 95	 4
595	 49.620628027586086	 6.188829726530634	 2	 9	 35	 30	 30	 2	 100	 True	 True	 134	 8
596	 49.604555279212214	 6.154237503109531	 2	 15	 23	 70	 70	 2	 100	 True	 False	 85	 9
597	 49.622636158709	 6.108250426179635	 1	 18	 0	 20	 20	 7	 100	 True	 False	 125	 2
598	 49.618762013228135	 6.129971324747553	 2	 9	 51	 30	 30	 1	 100	 True	 True	 127	 4
599	 49.61278561050506	 6.091683449184633	 1	 18	 49	 60	 60	 4	 100	 True	 False	 108	 2
600	 49.60034804729642	 6.1509901208571405	 1	 15	 30	 40	 40	 4	 100	 True	 False	 70	 4
601	 49.60999217927488	 6.129667868935059	 2	 18	 16	 50	 50	 2	 100	 True	 False	 97	 3
602	 49.60149711306508	 6.125102515811046	 2	 9	 37	 20	 20	 5	 100	 True	 True	 82	 2
603	 49.62862978573799	 6.144491637588438	 1	 18	 57	 80	 80	 2	 100	 True	 False	 144	 3
604	 49.632444024845306	 6.1102952251446885	 1	 9	 44	 60	 60	 8	 100	 True	 True	 155	 2
605	 49.64129294120674	 6.08044746392052	 1	 18	 23	 30	 30	 9	 100	 True	 False	 182	 2
606	 49.591765494605966	 6.128552838369661	 1	 14	 17	 30	 30	 8	 100	 True	 False	 52	 3
607	 49.60103636806572	 6.092843504062225	 2	 18	 38	 100	 100	 2	 100	 True	 False	 78	 4
608	 49.585823097610714	 6.109565181214292	 1	 15	 46	 40	 40	 7	 100	 True	 False	 35	 9
609	 49.59995899035869	 6.105191836483611	 1	 18	 48	 50	 50	 6	 100	 True	 False	 65	 7
610	 49.64564263186632	 6.0934195958611355	 1	 14	 24	 30	 30	 1	 100	 True	 False	 183	 2
611	 49.62225504992692	 6.153151076971769	 1	 9	 58	 20	 20	 6	 100	 True	 True	 130	 4
612	 49.64410657281969	 6.133501294242304	 2	 14	 29	 40	 40	 1	 100	 True	 False	 188	 9
613	 49.62891945588822	 6.099487465015329	 1	 18	 27	 50	 50	 3	 100	 True	 False	 139	 5
614	 49.590449721796	 6.126793670018603	 1	 18	 53	 50	 50	 5	 100	 True	 False	 52	 4
615	 49.619722690500126	 6.158312313470721	 2	 12	 50	 30	 30	 2	 100	 True	 False	 131	 2
616	 49.602900398336956	 6.110487508310205	 2	 13	 20	 50	 50	 2	 100	 True	 False	 80	 7
617	 49.58238826869819	 6.108761246618038	 2	 12	 49	 60	 60	 1	 100	 True	 False	 20	 5
618	 49.640326420747634	 6.094282597387269	 2	 9	 51	 40	 40	 9	 100	 True	 True	 168	 8
619	 49.60701730144094	 6.116019394677173	 2	 18	 19	 50	 50	 4	 100	 True	 False	 96	 4
620	 49.61767753813857	 6.137559385446566	 1	 9	 14	 70	 70	 8	 100	 True	 True	 113	 3
621	 49.61736232075576	 6.149731913199218	 2	 9	 52	 30	 30	 8	 100	 True	 True	 115	 8
622	 49.59447065837845	 6.14671219482994	 1	 18	 26	 100	 100	 5	 100	 True	 False	 54	 7
623	 49.63804800496204	 6.081888422464645	 2	 9	 11	 50	 50	 8	 100	 True	 True	 167	 1
624	 49.639348573571034	 6.087889674707537	 2	 12	 31	 50	 50	 1	 100	 True	 False	 168	 6
625	 49.631838994777496	 6.077327124339495	 2	 9	 2	 40	 40	 6	 100	 True	 True	 151	 5
626	 49.63740251477409	 6.100877922785747	 2	 14	 43	 30	 30	 3	 100	 True	 False	 169	 8
627	 49.648408062590974	 6.143776760143021	 2	 9	 28	 60	 60	 2	 100	 True	 True	 204	 7
628	 49.64111497177919	 6.127184770014278	 1	 18	 1	 40	 40	 6	 100	 True	 False	 187	 4
629	 49.607609843401484	 6.098107906038848	 2	 18	 57	 40	 40	 2	 100	 True	 False	 94	 5
630	 49.63708089729779	 6.132633869688384	 2	 9	 17	 60	 60	 1	 100	 True	 True	 173	 7
631	 49.62851730739942	 6.153685004658083	 2	 15	 5	 20	 20	 9	 100	 True	 False	 145	 7
632	 49.63524741474675	 6.114119461730267	 1	 9	 41	 30	 30	 9	 100	 True	 True	 171	 2
633	 49.61459197608281	 6.151747048709315	 2	 15	 41	 50	 50	 8	 100	 True	 False	 115	 10
634	 49.611350845125145	 6.123439860676536	 2	 18	 54	 20	 20	 8	 100	 True	 False	 97	 7
635	 49.58297089809076	 6.112642958799069	 1	 9	 35	 20	 20	 8	 100	 True	 True	 20	 6
636	 49.62536151417017	 6.113151189621898	 1	 9	 47	 70	 70	 1	 100	 True	 True	 140	 10
637	 49.59973688477348	 6.117145217064516	 2	 9	 48	 20	 20	 5	 100	 True	 True	 66	 2
638	 49.59886209761614	 6.094691895621052	 2	 9	 49	 40	 40	 1	 100	 True	 True	 63	 5
639	 49.59012006921299	 6.126580311702009	 1	 18	 47	 60	 60	 8	 100	 True	 False	 52	 3
640	 49.58885154646613	 6.093402514011155	 2	 9	 22	 50	 50	 2	 100	 True	 True	 33	 3
641	 49.60346794729177	 6.0947565413108435	 1	 9	 24	 80	 80	 6	 100	 True	 True	 78	 8
642	 49.61053299458342	 6.097173759459757	 1	 9	 4	 30	 30	 1	 100	 True	 True	 94	 2
643	 49.59376609579809	 6.128152449242459	 1	 18	 43	 20	 20	 8	 100	 True	 False	 52	 6
644	 49.62222921912272	 6.172764739899009	 1	 18	 24	 10	 10	 8	 100	 True	 False	 132	 8
645	 49.614496268878014	 6.156701906682283	 2	 9	 12	 50	 50	 3	 100	 True	 True	 115	 2
646	 49.60543268904301	 6.11664601919766	 2	 13	 17	 60	 60	 2	 100	 True	 False	 81	 9
647	 49.63717670730166	 6.136534698482978	 2	 9	 31	 40	 40	 3	 100	 True	 True	 173	 5
648	 49.59025944282795	 6.103248637916	 1	 15	 44	 50	 50	 3	 100	 True	 False	 49	 8
649	 49.62370684399275	 6.1463701211657895	 1	 9	 52	 20	 20	 6	 100	 True	 True	 129	 9
650	 49.59993479669024	 6.122446433566753	 2	 9	 45	 20	 20	 3	 100	 True	 True	 66	 6
651	 49.616610155509775	 6.115317073102357	 1	 13	 24	 50	 50	 4	 100	 True	 False	 111	 4
652	 49.60051002541623	 6.155486707530888	 1	 9	 18	 70	 70	 2	 100	 True	 True	 70	 8
653	 49.59021200851099	 6.100121920444876	 1	 9	 27	 60	 60	 7	 100	 True	 True	 49	 2
654	 49.6358374977789	 6.167222310380868	 1	 14	 38	 20	 20	 3	 100	 True	 False	 177	 2
655	 49.573914863615464	 6.0993054930591715	 2	 9	 42	 20	 20	 1	 100	 True	 True	 4	 5
656	 49.62926065992012	 6.117578862660996	 1	 9	 21	 100	 100	 7	 100	 True	 True	 141	 3
657	 49.608944977274156	 6.128495366313127	 2	 9	 0	 50	 50	 3	 100	 True	 True	 97	 9
658	 49.6150425600038	 6.1589137227155115	 2	 9	 31	 30	 30	 7	 100	 True	 True	 116	 2
659	 49.60800628078251	 6.100288863170831	 1	 12	 54	 40	 40	 8	 100	 True	 False	 94	 3
660	 49.63580628504444	 6.144252943533017	 2	 18	 7	 30	 30	 6	 100	 True	 False	 174	 8
661	 49.60381129857266	 6.08487569171017	 1	 9	 15	 70	 70	 3	 100	 True	 True	 77	 5
662	 49.64376213568241	 6.077732847866359	 2	 18	 36	 20	 20	 2	 100	 True	 False	 181	 6
663	 49.63074966792102	 6.147566568175927	 2	 9	 36	 40	 40	 7	 100	 True	 True	 159	 9
664	 49.622435137042416	 6.167392454953429	 1	 14	 36	 20	 20	 4	 100	 True	 False	 132	 2
665	 49.61033817737448	 6.101852403228811	 2	 15	 13	 40	 40	 3	 100	 True	 False	 94	 6
666	 49.60424637205451	 6.122660995604303	 2	 18	 57	 70	 70	 7	 100	 True	 False	 82	 5
667	 49.64946547573076	 6.150671106245676	 1	 15	 47	 70	 70	 6	 100	 True	 False	 205	 6
668	 49.60947579677449	 6.167276145991744	 2	 18	 41	 30	 30	 9	 100	 True	 False	 102	 1
669	 49.630484337260484	 6.094645299767458	 2	 9	 27	 70	 70	 7	 100	 True	 True	 153	 4
670	 49.64728559502482	 6.118310263864894	 1	 13	 43	 40	 40	 6	 100	 True	 False	 201	 4
671	 49.63565174072255	 6.107193890927666	 2	 9	 5	 70	 70	 9	 100	 True	 True	 170	 2
672	 49.583071547672745	 6.129579801189131	 1	 9	 31	 60	 60	 7	 100	 True	 True	 22	 1
673	 49.63707697606641	 6.161704413607024	 1	 18	 15	 30	 30	 3	 100	 True	 False	 176	 7
674	 49.60329724824756	 6.142836284245476	 1	 18	 21	 60	 60	 5	 100	 True	 False	 84	 9
675	 49.59382897139142	 6.140915477559161	 1	 9	 14	 30	 30	 1	 100	 True	 True	 54	 9
676	 49.60692523830865	 6.113373875633501	 1	 9	 14	 30	 30	 3	 100	 True	 True	 95	 7
677	 49.60260760719785	 6.100504022137855	 2	 13	 19	 20	 20	 3	 100	 True	 False	 79	 7
678	 49.615197026832845	 6.129808300599211	 2	 13	 8	 40	 40	 3	 100	 True	 False	 112	 1
679	 49.60904453660865	 6.134844866950261	 2	 14	 48	 20	 20	 5	 100	 True	 False	 98	 3
680	 49.625425580731715	 6.100762417489115	 2	 18	 15	 60	 60	 1	 100	 True	 False	 139	 2
681	 49.641922322839825	 6.152608679132272	 1	 15	 43	 30	 30	 4	 100	 True	 False	 190	 4
682	 49.616791222237595	 6.124804732080649	 2	 13	 52	 20	 20	 2	 100	 True	 False	 112	 5
683	 49.62658138341067	 6.119025477933794	 2	 9	 12	 20	 20	 9	 100	 True	 True	 141	 2
684	 49.61353444123375	 6.152744537433411	 1	 9	 18	 60	 60	 2	 100	 True	 True	 115	 1
685	 49.636111238652894	 6.123301555835646	 1	 15	 45	 50	 50	 9	 100	 True	 False	 172	 9
686	 49.60989094861663	 6.104416383602122	 1	 13	 47	 20	 20	 5	 100	 True	 False	 94	 5
687	 49.619608656071634	 6.106439465739451	 1	 9	 4	 70	 70	 2	 100	 True	 True	 125	 6
688	 49.639422122774505	 6.088011225231308	 1	 18	 1	 20	 20	 2	 100	 True	 False	 168	 7
689	 49.59921363774051	 6.133428676780359	 1	 18	 57	 100	 100	 3	 100	 True	 False	 68	 2
690	 49.58543885271397	 6.1054666926768695	 2	 18	 52	 100	 100	 7	 100	 True	 False	 35	 4
691	 49.611781208699256	 6.164807082969058	 2	 15	 35	 20	 20	 9	 100	 True	 False	 101	 2
692	 49.57916415816101	 6.108804771902643	 2	 18	 25	 70	 70	 7	 100	 True	 False	 20	 10
693	 49.62201853204697	 6.106854414284421	 2	 18	 19	 60	 60	 1	 100	 True	 False	 125	 3
694	 49.63080585349435	 6.181055497865102	 2	 18	 49	 40	 40	 3	 100	 True	 False	 163	 1
695	 49.61980481414543	 6.145934275547054	 2	 13	 44	 30	 30	 7	 100	 True	 False	 129	 8
696	 49.607173221522245	 6.11597959908606	 2	 18	 26	 20	 20	 5	 100	 True	 False	 96	 7
697	 49.61212124898604	 6.15340983229375	 1	 15	 7	 60	 60	 1	 100	 True	 False	 100	 5
698	 49.60705330787838	 6.108456290769938	 2	 18	 6	 60	 60	 3	 100	 True	 False	 95	 9
699	 49.62182184922321	 6.169850136191131	 1	 15	 25	 70	 70	 5	 100	 True	 False	 132	 2
700	 49.60899258749383	 6.148191773419044	 1	 14	 55	 60	 60	 3	 100	 True	 False	 99	 7
701	 49.636677170264235	 6.165124388839616	 1	 18	 30	 40	 40	 2	 100	 True	 False	 176	 6
702	 49.62972974777453	 6.178432197220366	 2	 14	 12	 70	 70	 6	 100	 True	 False	 163	 8
703	 49.58979974603023	 6.12412682400539	 1	 18	 17	 60	 60	 6	 100	 True	 False	 52	 6
704	 49.60824724550314	 6.087614113825961	 1	 18	 14	 70	 70	 7	 100	 True	 False	 93	 4
705	 49.584878190223385	 6.126097012214513	 1	 18	 36	 50	 50	 3	 100	 True	 False	 37	 7
706	 49.640713872665664	 6.105006538872988	 1	 14	 9	 50	 50	 1	 100	 True	 False	 170	 10
707	 49.64945020167925	 6.157834484139324	 2	 9	 40	 50	 50	 1	 100	 True	 True	 206	 8
708	 49.62816202097666	 6.15160360081178	 2	 15	 27	 50	 50	 3	 100	 True	 False	 145	 5
709	 49.60961678139281	 6.089643039547941	 1	 9	 47	 40	 40	 5	 100	 True	 True	 93	 5
710	 49.58433395606072	 6.124718063761301	 1	 14	 44	 40	 40	 5	 100	 True	 False	 37	 5
711	 49.598834269465044	 6.124868561389948	 2	 9	 15	 70	 70	 3	 100	 True	 True	 67	 10
712	 49.599645419267425	 6.111826990242332	 2	 15	 16	 20	 20	 5	 100	 True	 False	 65	 8
713	 49.600374454720786	 6.119285484637395	 1	 9	 37	 70	 70	 5	 100	 True	 True	 66	 2
714	 49.609568327065766	 6.138970015420377	 2	 18	 21	 60	 60	 5	 100	 True	 False	 98	 2
715	 49.636401235355756	 6.097684759536666	 1	 9	 5	 60	 60	 1	 100	 True	 True	 169	 1
716	 49.6060280821504	 6.1362244375168356	 2	 9	 47	 30	 30	 5	 100	 True	 True	 83	 6
717	 49.64168536014848	 6.085892966360692	 2	 18	 17	 50	 50	 3	 100	 True	 False	 182	 2
718	 49.61613046820825	 6.100960836380614	 2	 12	 6	 40	 40	 5	 100	 True	 False	 109	 7
719	 49.64592023188024	 6.102850633792012	 2	 9	 31	 60	 60	 4	 100	 True	 True	 184	 2
720	 49.64447408612566	 6.116631212383286	 2	 13	 17	 70	 70	 8	 100	 True	 False	 186	 2
721	 49.60138570807195	 6.095560007946623	 2	 18	 9	 20	 20	 8	 100	 True	 False	 78	 10
722	 49.59530129079869	 6.141191127110436	 2	 18	 39	 40	 40	 7	 100	 True	 False	 54	 9
723	 49.62077379577791	 6.172036271240618	 2	 9	 33	 10	 10	 1	 100	 True	 True	 132	 6
724	 49.62438491875609	 6.147562934533645	 2	 9	 49	 50	 50	 4	 100	 True	 True	 144	 2
725	 49.585355221444864	 6.1284512700829215	 1	 9	 40	 30	 30	 5	 100	 True	 True	 37	 9
726	 49.59612481507235	 6.131524052206626	 2	 18	 15	 100	 100	 5	 100	 True	 False	 68	 3
727	 49.606290399044106	 6.133516138217133	 2	 9	 46	 60	 60	 3	 100	 True	 True	 83	 6
728	 49.60470014161762	 6.131205165321587	 1	 9	 39	 40	 40	 3	 100	 True	 True	 82	 7
729	 49.63293003059081	 6.081487166431714	 2	 14	 21	 20	 20	 7	 100	 True	 False	 152	 5
730	 49.612596158072485	 6.140030061715993	 1	 18	 38	 60	 60	 3	 100	 True	 False	 114	 4
731	 49.62496948247124	 6.122788847044588	 2	 9	 57	 20	 20	 1	 100	 True	 True	 142	 2
732	 49.59937550221233	 6.113221432947368	 2	 13	 14	 20	 20	 4	 100	 True	 False	 65	 3
733	 49.61364417817125	 6.1316944226841334	 2	 9	 37	 60	 60	 5	 100	 True	 True	 113	 8
734	 49.63304690898473	 6.1592616730504535	 2	 18	 50	 20	 20	 9	 100	 True	 False	 161	 3
735	 49.59919710372055	 6.115555029548986	 2	 9	 7	 70	 70	 1	 100	 True	 True	 66	 6
736	 49.61248122569209	 6.141528295095767	 1	 12	 58	 20	 20	 7	 100	 True	 False	 114	 2
737	 49.59525299787991	 6.121024525162981	 1	 13	 1	 20	 20	 4	 100	 True	 False	 51	 7
738	 49.62638668418677	 6.166591399714729	 2	 18	 11	 60	 60	 9	 100	 True	 False	 147	 5
739	 49.62986096325071	 6.176073642413153	 2	 15	 36	 20	 20	 9	 100	 True	 False	 163	 2
740	 49.59928813386316	 6.105582751638017	 1	 9	 11	 30	 30	 2	 100	 True	 True	 65	 4
741	 49.638224128505726	 6.083370152065177	 2	 9	 12	 50	 50	 7	 100	 True	 True	 167	 7
742	 49.60327231584221	 6.130502940771755	 2	 9	 22	 30	 30	 8	 100	 True	 True	 82	 4
743	 49.59636600724017	 6.141083004962797	 1	 13	 43	 70	 70	 1	 100	 True	 False	 69	 8
744	 49.60478329263324	 6.161051072634492	 2	 18	 17	 40	 40	 4	 100	 True	 False	 86	 2
745	 49.58141149359126	 6.086279395645817	 2	 18	 26	 40	 40	 7	 100	 True	 False	 17	 3
746	 49.62325291131455	 6.1302471919083095	 1	 13	 29	 20	 20	 4	 100	 True	 False	 127	 6
747	 49.61340535888396	 6.1186898872837405	 2	 9	 31	 60	 60	 1	 100	 True	 True	 111	 3
748	 49.5876424423369	 6.133767385889599	 2	 9	 25	 20	 20	 7	 100	 True	 True	 38	 10
749	 49.5806908255434	 6.111127631824361	 2	 9	 37	 100	 100	 7	 100	 True	 True	 20	 5
750	 49.607157543074344	 6.111563633123007	 2	 13	 17	 50	 50	 3	 100	 True	 False	 95	 8
751	 49.593304439876334	 6.117142574326584	 2	 14	 4	 20	 20	 6	 100	 True	 False	 51	 9
752	 49.63109906324107	 6.127897581303194	 1	 9	 50	 10	 10	 8	 100	 True	 True	 157	 2
753	 49.62775658355153	 6.112261693307512	 1	 18	 24	 30	 30	 3	 100	 True	 False	 140	 7
754	 49.598233688334844	 6.129373467607696	 1	 18	 16	 20	 20	 6	 100	 True	 False	 67	 9
755	 49.62330877910586	 6.150719332734667	 1	 18	 50	 60	 60	 2	 100	 True	 False	 130	 4
756	 49.61977142913084	 6.16838153726931	 2	 12	 56	 70	 70	 8	 100	 True	 False	 132	 6
757	 49.64036952015869	 6.104263331551836	 2	 18	 5	 30	 30	 5	 100	 True	 False	 169	 5
758	 49.58829010428716	 6.1230461559138964	 1	 12	 34	 50	 50	 5	 100	 True	 False	 37	 2
759	 49.584840528457974	 6.127222659597999	 1	 9	 9	 40	 40	 6	 100	 True	 True	 37	 1
760	 49.61925825324821	 6.101456795342984	 2	 18	 48	 40	 40	 5	 100	 True	 False	 124	 2
761	 49.60920577157531	 6.123340725433597	 2	 9	 48	 40	 40	 9	 100	 True	 True	 97	 7
762	 49.61788195255439	 6.125233334807592	 2	 9	 8	 20	 20	 2	 100	 True	 True	 112	 4
763	 49.636167317247036	 6.144826912346898	 1	 14	 15	 40	 40	 9	 100	 True	 False	 174	 6
764	 49.64307939701696	 6.094922093856175	 1	 15	 36	 30	 30	 5	 100	 True	 False	 183	 5
765	 49.59303970036762	 6.147586335725662	 1	 18	 56	 30	 30	 4	 100	 True	 False	 54	 3
766	 49.60680297547351	 6.1018463134827625	 1	 13	 5	 40	 40	 6	 100	 True	 False	 94	 3
767	 49.64426474008724	 6.113626694540309	 1	 13	 9	 60	 60	 9	 100	 True	 False	 185	 4
768	 49.6371491664304	 6.113815530282392	 1	 12	 9	 30	 30	 8	 100	 True	 False	 171	 2
769	 49.63547162491899	 6.096844409032273	 2	 9	 33	 50	 50	 4	 100	 True	 True	 169	 10
770	 49.61624783536902	 6.135102484972538	 2	 18	 28	 20	 20	 1	 100	 True	 False	 113	 2
771	 49.593408010396715	 6.107589047171035	 1	 13	 25	 20	 20	 4	 100	 True	 False	 50	 2
772	 49.64401425900034	 6.131645396860476	 2	 9	 8	 60	 60	 3	 100	 True	 True	 188	 9
773	 49.63733451073823	 6.096875494834087	 2	 12	 20	 50	 50	 1	 100	 True	 False	 169	 2
774	 49.59770042092494	 6.103735295741846	 2	 18	 42	 20	 20	 9	 100	 True	 False	 64	 4
775	 49.61326671419074	 6.091955347718799	 2	 9	 58	 20	 20	 8	 100	 True	 True	 108	 3
776	 49.617555436403514	 6.1080796023003465	 2	 18	 41	 60	 60	 3	 100	 True	 False	 110	 2
777	 49.611738354282984	 6.137137512660909	 2	 18	 44	 20	 20	 3	 100	 True	 False	 98	 6
778	 49.646065368216206	 6.101065475533303	 2	 9	 39	 30	 30	 3	 100	 True	 True	 184	 2
779	 49.592471873937505	 6.1168095268985905	 1	 9	 16	 60	 60	 7	 100	 True	 True	 51	 6
780	 49.60114203386521	 6.111524	 1	 18	 4	 60	 60	 8	 100	 True	 False	 80	 8
781	 49.60978242086011	 6.108455528216943	 1	 18	 37	 40	 40	 7	 100	 True	 False	 95	 3
782	 49.59735205551036	 6.116710865475911	 1	 14	 17	 50	 50	 1	 100	 True	 False	 66	 8
783	 49.60459665088319	 6.125358306289701	 2	 18	 36	 50	 50	 4	 100	 True	 False	 82	 2
784	 49.59600849851468	 6.1142892729230205	 1	 9	 9	 20	 20	 2	 100	 True	 True	 66	 7
785	 49.60770515689719	 6.113280436881835	 1	 13	 16	 70	 70	 3	 100	 True	 False	 95	 4
786	 49.62570631096694	 6.113246497490956	 1	 12	 53	 20	 20	 6	 100	 True	 False	 140	 7
787	 49.588395255287736	 6.10453369329315	 1	 9	 17	 20	 20	 6	 100	 True	 True	 34	 9
788	 49.58688249339859	 6.104330400429474	 1	 9	 7	 60	 60	 5	 100	 True	 True	 34	 1
789	 49.58288960343325	 6.1290995268868596	 1	 12	 16	 30	 30	 1	 100	 True	 False	 22	 7
790	 49.60821593178974	 6.097904150220729	 2	 18	 46	 80	 80	 8	 100	 True	 False	 94	 3
791	 49.599598963114836	 6.122094583717528	 2	 9	 32	 40	 40	 5	 100	 True	 True	 66	 9
792	 49.62151486991439	 6.168967638901351	 2	 18	 32	 70	 70	 9	 100	 True	 False	 132	 6
793	 49.589326471336825	 6.1287894661231785	 1	 9	 8	 50	 50	 6	 100	 True	 True	 37	 7
794	 49.6325464446023	 6.100977536458614	 2	 9	 42	 50	 50	 2	 100	 True	 True	 154	 5
795	 49.631111202535024	 6.101571580198906	 1	 9	 33	 10	 10	 2	 100	 True	 True	 154	 8
796	 49.61146157311084	 6.1785316173611715	 2	 9	 19	 70	 70	 7	 100	 True	 True	 103	 9
797	 49.613072979830136	 6.117340896943609	 1	 9	 27	 40	 40	 5	 100	 True	 True	 111	 4
798	 49.59824901825063	 6.136921172727172	 2	 18	 15	 50	 50	 2	 100	 True	 False	 68	 6
799	 49.621786121500676	 6.174453736970753	 1	 18	 30	 30	 30	 7	 100	 True	 False	 132	 8
800	 49.59496117201664	 6.142710980542064	 2	 9	 22	 80	 80	 1	 100	 True	 True	 54	 4
801	 49.63741975167745	 6.161373447050816	 1	 18	 12	 50	 50	 2	 100	 True	 False	 176	 6
802	 49.61362562117452	 6.165115347314558	 2	 9	 20	 20	 20	 1	 100	 True	 True	 116	 9
803	 49.62050934951044	 6.10904431626037	 2	 9	 15	 80	 80	 2	 100	 True	 True	 125	 8
804	 49.608341667951315	 6.135086351449243	 2	 18	 42	 60	 60	 6	 100	 True	 False	 98	 4
805	 49.587988736678746	 6.110856987639951	 2	 12	 21	 50	 50	 7	 100	 True	 False	 35	 6
806	 49.60743369094993	 6.110290146905341	 2	 12	 4	 40	 40	 7	 100	 True	 False	 95	 9
807	 49.6297123509055	 6.166672744004838	 1	 9	 8	 60	 60	 3	 100	 True	 True	 162	 9
808	 49.60604056571754	 6.133740941803668	 2	 18	 10	 70	 70	 6	 100	 True	 False	 83	 8
809	 49.62122719416248	 6.110911040664377	 1	 9	 17	 20	 20	 7	 100	 True	 True	 125	 6
810	 49.58477194325615	 6.126512242619564	 2	 13	 3	 40	 40	 9	 100	 True	 False	 37	 3
811	 49.61798622101178	 6.164278487091817	 1	 18	 39	 100	 100	 1	 100	 True	 False	 116	 5
812	 49.60887434020721	 6.134344237849133	 2	 9	 7	 60	 60	 8	 100	 True	 True	 98	 9
813	 49.59213553669482	 6.141576673644804	 1	 9	 31	 40	 40	 8	 100	 True	 True	 54	 5
814	 49.6436277585077	 6.134747161841283	 2	 9	 42	 30	 30	 5	 100	 True	 True	 188	 10
815	 49.60596893737583	 6.093644588571266	 2	 9	 7	 70	 70	 7	 100	 True	 True	 78	 1
816	 49.612570337805344	 6.14864178683005	 1	 18	 49	 20	 20	 7	 100	 True	 False	 114	 5
817	 49.611307811620314	 6.1490932592454195	 1	 9	 2	 20	 20	 4	 100	 True	 True	 100	 7
818	 49.633186503086606	 6.080543550560943	 2	 13	 31	 50	 50	 6	 100	 True	 False	 152	 4
819	 49.63027630477566	 6.1006161949720195	 1	 12	 40	 20	 20	 5	 100	 True	 False	 154	 8
820	 49.58765826706747	 6.115988149077306	 1	 12	 18	 70	 70	 7	 100	 True	 False	 36	 2
821	 49.635329307657436	 6.174503792337371	 1	 18	 49	 60	 60	 5	 100	 True	 False	 177	 3
822	 49.60755288121394	 6.153381401320446	 1	 13	 54	 60	 60	 8	 100	 True	 False	 100	 7
823	 49.617201225584125	 6.135415255808892	 2	 18	 6	 70	 70	 1	 100	 True	 False	 113	 9
824	 49.64949119994198	 6.158859238644744	 1	 18	 29	 40	 40	 5	 100	 True	 False	 206	 6
825	 49.600548012009334	 6.1555966384475145	 1	 9	 8	 80	 80	 7	 100	 True	 True	 70	 8
826	 49.61681023841868	 6.124775289923822	 2	 15	 48	 60	 60	 4	 100	 True	 False	 112	 4
827	 49.59241322635255	 6.147222037182523	 1	 18	 8	 50	 50	 4	 100	 True	 False	 54	 5
828	 49.646075072143404	 6.145586401833278	 1	 18	 28	 50	 50	 3	 100	 True	 False	 189	 9
829	 49.59885219640488	 6.094653293455025	 2	 18	 29	 60	 60	 9	 100	 True	 False	 63	 8
830	 49.628227965201944	 6.104140034431476	 2	 14	 25	 10	 10	 9	 100	 True	 False	 139	 5
831	 49.59841667259	 6.114667167168202	 2	 18	 54	 40	 40	 3	 100	 True	 False	 66	 3
832	 49.63100906917737	 6.0977068020056855	 2	 18	 34	 70	 70	 8	 100	 True	 False	 154	 6
833	 49.60282925620303	 6.110869901243449	 1	 18	 48	 40	 40	 4	 100	 True	 False	 80	 5
834	 49.61963115212574	 6.1836232992113125	 1	 15	 51	 60	 60	 9	 100	 True	 False	 133	 10
835	 49.63840531861245	 6.083295528782123	 2	 9	 21	 40	 40	 5	 100	 True	 True	 167	 1
836	 49.58454006923285	 6.082640403143352	 2	 18	 41	 20	 20	 4	 100	 True	 False	 32	 2
837	 49.603702871365684	 6.132864507985564	 1	 18	 9	 40	 40	 7	 100	 True	 False	 83	 3
838	 49.6469201841764	 6.127799431230152	 1	 18	 57	 40	 40	 4	 100	 True	 False	 202	 4
839	 49.619722054085884	 6.146991965236213	 1	 9	 7	 50	 50	 3	 100	 True	 True	 129	 8
840	 49.60933906073775	 6.182797366015017	 1	 18	 27	 50	 50	 3	 100	 True	 False	 103	 6
841	 49.60242205622669	 6.10018635334922	 1	 15	 12	 50	 50	 4	 100	 True	 False	 79	 9
842	 49.605527838807284	 6.141472457695546	 1	 9	 6	 40	 40	 8	 100	 True	 True	 84	 2
843	 49.61563696252807	 6.190344545926627	 1	 12	 38	 30	 30	 8	 100	 True	 False	 119	 7
844	 49.63966430823676	 6.07831643322595	 2	 9	 43	 30	 30	 2	 100	 True	 True	 166	 6
845	 49.607610462693124	 6.142420254595943	 1	 18	 52	 20	 20	 8	 100	 True	 False	 99	 7
846	 49.59040642342682	 6.12542297002213	 1	 18	 10	 50	 50	 8	 100	 True	 False	 52	 7
847	 49.59559218332747	 6.117324266435009	 1	 13	 5	 40	 40	 9	 100	 True	 False	 66	 9
848	 49.645303288060155	 6.099479582235278	 1	 14	 52	 20	 20	 3	 100	 True	 False	 184	 6
849	 49.60672563224955	 6.117525880447936	 1	 12	 13	 50	 50	 3	 100	 True	 False	 96	 2
850	 49.63302448506213	 6.168543109956632	 2	 9	 48	 40	 40	 1	 100	 True	 True	 162	 10
851	 49.6294206824671	 6.136571593371118	 2	 18	 17	 50	 50	 7	 100	 True	 False	 158	 6
852	 49.58169515994214	 6.085918416492223	 2	 9	 0	 80	 80	 9	 100	 True	 True	 17	 3
853	 49.61060348193865	 6.105410750690428	 2	 18	 32	 50	 50	 8	 100	 True	 False	 95	 8
854	 49.6149254885722	 6.144452091951829	 1	 9	 51	 20	 20	 8	 100	 True	 True	 114	 9
855	 49.58662841914354	 6.136626471372263	 2	 12	 8	 40	 40	 7	 100	 True	 False	 38	 8
856	 49.59946197582968	 6.112926622056328	 2	 9	 41	 20	 20	 4	 100	 True	 True	 65	 5
857	 49.6250534847168	 6.1179924682192315	 1	 18	 49	 60	 60	 9	 100	 True	 False	 141	 2
858	 49.61296870888172	 6.143929919136627	 2	 13	 12	 70	 70	 9	 100	 True	 False	 114	 8
859	 49.62325535802848	 6.103597453593252	 1	 13	 18	 10	 10	 6	 100	 True	 False	 124	 6
860	 49.60803436194907	 6.168287270555198	 2	 9	 26	 70	 70	 4	 100	 True	 True	 102	 10
861	 49.60498161753874	 6.139857674437678	 1	 18	 15	 10	 10	 8	 100	 True	 False	 83	 4
862	 49.60900872059134	 6.089478949518928	 2	 14	 56	 60	 60	 9	 100	 True	 False	 93	 3
863	 49.59047158533448	 6.1198461383419005	 1	 9	 24	 50	 50	 6	 100	 True	 True	 51	 4
864	 49.59248245357164	 6.084674754757861	 1	 9	 41	 30	 30	 1	 100	 True	 True	 47	 6
865	 49.59456637637065	 6.105463376034113	 2	 9	 24	 30	 30	 8	 100	 True	 True	 50	 8
866	 49.636361330870514	 6.089189694696675	 2	 18	 34	 20	 20	 2	 100	 True	 False	 168	 3
867	 49.62789808439711	 6.111263768179088	 2	 9	 1	 40	 40	 6	 100	 True	 True	 140	 5
868	 49.626590960672374	 6.1327519486765345	 1	 15	 50	 60	 60	 8	 100	 True	 False	 143	 3
869	 49.621575390156856	 6.171199140154869	 1	 15	 22	 80	 80	 1	 100	 True	 False	 132	 2
870	 49.605103256914575	 6.1477598667077356	 2	 14	 30	 60	 60	 9	 100	 True	 False	 84	 4
871	 49.590731089799455	 6.073687149950989	 1	 15	 17	 70	 70	 7	 100	 True	 False	 46	 3
872	 49.62775376210093	 6.177329228969801	 1	 9	 32	 60	 60	 8	 100	 True	 True	 148	 9
873	 49.63338278489761	 6.125417258204142	 1	 13	 14	 40	 40	 3	 100	 True	 False	 157	 3
874	 49.63259162493088	 6.135879698521682	 2	 18	 51	 60	 60	 2	 100	 True	 False	 158	 10
875	 49.600795796168036	 6.148688342777417	 2	 18	 26	 10	 10	 3	 100	 True	 False	 69	 9
876	 49.60803921928933	 6.139779107557975	 1	 9	 49	 40	 40	 8	 100	 True	 True	 98	 2
877	 49.63732694732431	 6.14679118888531	 1	 18	 58	 20	 20	 4	 100	 True	 False	 174	 7
878	 49.63098217995343	 6.1703306263157875	 1	 18	 51	 40	 40	 1	 100	 True	 False	 162	 5
879	 49.637391181075444	 6.085379322170601	 1	 13	 11	 30	 30	 2	 100	 True	 False	 167	 3
880	 49.58921753207044	 6.093420677515578	 2	 15	 23	 70	 70	 1	 100	 True	 False	 33	 1
881	 49.635552600067484	 6.163554682087999	 1	 18	 31	 60	 60	 8	 100	 True	 False	 176	 8
882	 49.61793378709198	 6.16197646151748	 1	 9	 34	 20	 20	 3	 100	 True	 True	 116	 4
883	 49.607536630274275	 6.181933570765704	 1	 15	 8	 20	 20	 8	 100	 True	 False	 103	 9
884	 49.62275395837081	 6.152915420436826	 2	 9	 51	 60	 60	 8	 100	 True	 True	 130	 3
885	 49.598354966828886	 6.12826570849016	 2	 13	 46	 70	 70	 5	 100	 True	 False	 67	 9
886	 49.62554808550518	 6.163110065342741	 2	 9	 28	 60	 60	 7	 100	 True	 True	 146	 1
887	 49.614105880667736	 6.199099997353549	 2	 18	 55	 20	 20	 3	 100	 True	 False	 120	 4
888	 49.63524555926597	 6.180686085267025	 1	 18	 17	 40	 40	 3	 100	 True	 False	 178	 3
889	 49.60714474067272	 6.140719794909534	 2	 18	 37	 20	 20	 7	 100	 True	 False	 99	 8
890	 49.59497509876077	 6.123044735609645	 1	 12	 49	 70	 70	 6	 100	 True	 False	 52	 1
891	 49.58281925601061	 6.118335719452549	 1	 15	 35	 60	 60	 3	 100	 True	 False	 21	 5
892	 49.626953326406145	 6.1801916745362755	 1	 9	 4	 20	 20	 7	 100	 True	 True	 148	 2
893	 49.63603941457067	 6.16586240779121	 1	 9	 14	 50	 50	 7	 100	 True	 True	 176	 8
894	 49.621303553695356	 6.173578896664968	 1	 9	 35	 80	 80	 9	 100	 True	 True	 132	 9
895	 49.6267349840065	 6.1320146156765825	 2	 9	 31	 30	 30	 2	 100	 True	 True	 143	 2
896	 49.58056587636547	 6.092709881115397	 1	 9	 52	 20	 20	 4	 100	 True	 True	 18	 4
897	 49.603672685041715	 6.1105481162468775	 1	 18	 33	 10	 10	 8	 100	 True	 False	 80	 8
898	 49.64078894317571	 6.084297588511953	 2	 9	 5	 40	 40	 3	 100	 True	 True	 182	 4
899	 49.599671137400314	 6.095115878213519	 1	 9	 50	 30	 30	 6	 100	 True	 True	 63	 8
900	 49.64860690475745	 6.126924791858284	 1	 12	 10	 20	 20	 5	 100	 True	 False	 202	 1
901	 49.59990468433846	 6.120419240958475	 2	 9	 48	 60	 60	 4	 100	 True	 True	 66	 4
902	 49.60483340186368	 6.1376272925755195	 1	 18	 0	 10	 10	 4	 100	 True	 False	 83	 8
903	 49.599072186646744	 6.105443200893156	 2	 9	 25	 30	 30	 1	 100	 True	 True	 65	 7
904	 49.61036420561071	 6.185540789361724	 2	 12	 27	 50	 50	 9	 100	 True	 False	 104	 5
905	 49.592351741460945	 6.123950790631389	 1	 9	 10	 40	 40	 7	 100	 True	 True	 52	 3
906	 49.626788436220465	 6.120490228327905	 2	 9	 43	 20	 20	 2	 100	 True	 True	 141	 2
907	 49.61394550636044	 6.172446292723618	 2	 12	 42	 40	 40	 8	 100	 True	 False	 117	 8
908	 49.62488189576799	 6.1747266710771695	 1	 15	 42	 70	 70	 9	 100	 True	 False	 147	 7
909	 49.604578940101845	 6.1232989448386945	 2	 18	 20	 80	 80	 9	 100	 True	 False	 82	 9
910	 49.62857408794315	 6.1658350371151815	 2	 18	 1	 20	 20	 7	 100	 True	 False	 146	 3
911	 49.610008504634386	 6.095784031432314	 2	 18	 14	 70	 70	 7	 100	 True	 False	 93	 6
912	 49.640393540781986	 6.151368005029607	 1	 18	 30	 40	 40	 7	 100	 True	 False	 175	 3
913	 49.62693122737845	 6.166704854859628	 2	 18	 9	 60	 60	 8	 100	 True	 False	 147	 8
914	 49.61649391927657	 6.122941825076954	 1	 18	 47	 10	 10	 9	 100	 True	 False	 112	 1
915	 49.61097601171339	 6.128803544600002	 2	 9	 23	 50	 50	 3	 100	 True	 True	 97	 6
916	 49.64301771144106	 6.105753992186514	 2	 12	 39	 40	 40	 2	 100	 True	 False	 185	 7
917	 49.62398971811587	 6.150739122844692	 1	 18	 13	 60	 60	 9	 100	 True	 False	 145	 4
918	 49.63570799363329	 6.17705762620026	 2	 9	 25	 70	 70	 8	 100	 True	 True	 178	 7
919	 49.6094881346821	 6.127464331896737	 1	 18	 26	 70	 70	 7	 100	 True	 False	 97	 3
920	 49.60287136910555	 6.108908699524692	 2	 13	 57	 60	 60	 7	 100	 True	 False	 80	 10
921	 49.59443240570666	 6.150605576512308	 2	 9	 41	 20	 20	 7	 100	 True	 True	 55	 6
922	 49.60712665823651	 6.137628038434527	 1	 18	 41	 50	 50	 1	 100	 True	 False	 98	 4
923	 49.59709139663815	 6.148715216126828	 2	 13	 29	 70	 70	 3	 100	 True	 False	 69	 8
924	 49.61850282446517	 6.125320007867055	 1	 18	 16	 70	 70	 1	 100	 True	 False	 127	 5
925	 49.60112387521591	 6.125772903085129	 1	 13	 42	 40	 40	 2	 100	 True	 False	 82	 3
926	 49.617291009631785	 6.1141399334444815	 1	 14	 25	 50	 50	 1	 100	 True	 False	 111	 1
927	 49.60941348990066	 6.126186816614589	 1	 9	 5	 40	 40	 5	 100	 True	 True	 97	 6
928	 49.61490577377577	 6.195878560372643	 2	 12	 46	 20	 20	 6	 100	 True	 False	 120	 3
929	 49.63551647386225	 6.116120241502203	 2	 12	 40	 20	 20	 1	 100	 True	 False	 171	 5
930	 49.589189176029286	 6.092678553208268	 1	 9	 25	 40	 40	 5	 100	 True	 True	 33	 3
931	 49.592189365206416	 6.088731529171514	 1	 9	 7	 20	 20	 7	 100	 True	 True	 48	 9
932	 49.605520126759494	 6.189277674071796	 1	 18	 51	 20	 20	 3	 100	 True	 False	 89	 8
933	 49.606727924476225	 6.107823403867335	 2	 9	 26	 20	 20	 4	 100	 True	 True	 95	 3
934	 49.612237707218	 6.191762896552769	 1	 9	 5	 60	 60	 4	 100	 True	 True	 104	 8
935	 49.63580905915532	 6.084310067675947	 2	 9	 13	 60	 60	 2	 100	 True	 True	 167	 9
936	 49.61929725068979	 6.101402458781682	 1	 9	 26	 20	 20	 5	 100	 True	 True	 124	 2
937	 49.58982956722441	 6.122007420078937	 2	 14	 7	 40	 40	 5	 100	 True	 False	 51	 7
938	 49.593409469910846	 6.152110277490644	 1	 9	 33	 60	 60	 1	 100	 True	 True	 55	 6
939	 49.59068058414007	 6.119588619548523	 1	 18	 38	 60	 60	 3	 100	 True	 False	 51	 6
940	 49.594014130450375	 6.125857632474905	 2	 12	 41	 30	 30	 7	 100	 True	 False	 52	 3
941	 49.64075427184967	 6.1441859290992475	 2	 9	 31	 40	 40	 4	 100	 True	 True	 189	 3
942	 49.609867271646905	 6.1343627418910405	 1	 9	 41	 70	 70	 7	 100	 True	 True	 98	 9
943	 49.61184430923391	 6.101791051407584	 1	 9	 16	 20	 20	 9	 100	 True	 True	 94	 4
944	 49.611194996435	 6.187762070790706	 1	 9	 13	 60	 60	 4	 100	 True	 True	 104	 5
945	 49.62829170828342	 6.1436291561926915	 1	 18	 19	 30	 30	 8	 100	 True	 False	 144	 8
946	 49.5979038743968	 6.141287047237011	 2	 13	 41	 40	 40	 2	 100	 True	 False	 69	 4
947	 49.63052081936151	 6.117756850133399	 2	 18	 51	 40	 40	 1	 100	 True	 False	 156	 5
948	 49.61346735275183	 6.119798532305066	 2	 9	 29	 60	 60	 4	 100	 True	 True	 111	 10
949	 49.63075930256108	 6.1256337753326875	 1	 15	 54	 20	 20	 4	 100	 True	 False	 157	 8
950	 49.60641482299922	 6.119359600285131	 1	 14	 17	 20	 20	 2	 100	 True	 False	 81	 2
951	 49.627048130873305	 6.127597075888779	 2	 12	 26	 70	 70	 5	 100	 True	 False	 142	 5
952	 49.629332777992026	 6.119903270444331	 1	 18	 3	 70	 70	 5	 100	 True	 False	 141	 7
953	 49.60853597017526	 6.142979426617602	 1	 9	 41	 20	 20	 1	 100	 True	 True	 99	 7
954	 49.611914251336785	 6.193869004341713	 2	 15	 8	 60	 60	 5	 100	 True	 False	 105	 3
955	 49.611064795638875	 6.105483111349934	 2	 9	 11	 30	 30	 8	 100	 True	 True	 95	 6
956	 49.59973348475968	 6.109337007166643	 1	 18	 38	 40	 40	 4	 100	 True	 False	 65	 5
957	 49.6079584869016	 6.0994060545310615	 1	 9	 9	 40	 40	 6	 100	 True	 True	 94	 5
958	 49.591004838989065	 6.141829890891023	 2	 14	 48	 40	 40	 2	 100	 True	 False	 54	 3
959	 49.639037520097396	 6.131444187904797	 2	 14	 12	 70	 70	 1	 100	 True	 False	 173	 4
960	 49.63616872378338	 6.173735861330563	 2	 12	 6	 50	 50	 7	 100	 True	 False	 177	 3
961	 49.62277892733589	 6.184532044049279	 2	 14	 56	 40	 40	 2	 100	 True	 False	 134	 9
962	 49.60173295046231	 6.113636135911917	 1	 9	 6	 40	 40	 3	 100	 True	 True	 80	 9
963	 49.60857618702876	 6.098636231427599	 2	 9	 22	 30	 30	 9	 100	 True	 True	 94	 7
964	 49.59804384827895	 6.137656015043581	 2	 9	 18	 30	 30	 4	 100	 True	 True	 68	 3
965	 49.6170264337711	 6.158536039003839	 1	 9	 16	 30	 30	 5	 100	 True	 True	 116	 7
966	 49.63693888566055	 6.127340320021783	 1	 9	 28	 60	 60	 1	 100	 True	 True	 172	 9
967	 49.61694136457475	 6.147675389984575	 1	 9	 13	 50	 50	 6	 100	 True	 True	 114	 1
968	 49.618048807247355	 6.117368588628247	 1	 13	 0	 20	 20	 4	 100	 True	 False	 126	 6
969	 49.62131860571908	 6.1036138505838045	 1	 13	 24	 50	 50	 3	 100	 True	 False	 124	 7
970	 49.5948849332442	 6.153040885973999	 2	 18	 44	 60	 60	 8	 100	 True	 False	 55	 8
971	 49.62513037506608	 6.150952984925673	 1	 9	 14	 50	 50	 5	 100	 True	 True	 145	 3
972	 49.64823588775836	 6.143456988867146	 2	 18	 14	 20	 20	 9	 100	 True	 False	 204	 9
973	 49.60573639924487	 6.092143856346857	 1	 9	 1	 70	 70	 3	 100	 True	 True	 78	 5
974	 49.59054994828314	 6.093323876102869	 2	 13	 6	 20	 20	 9	 100	 True	 False	 48	 8
975	 49.614837109291244	 6.13025036771972	 1	 9	 0	 20	 20	 1	 100	 True	 True	 112	 4
976	 49.607251818794865	 6.121403946762108	 2	 18	 24	 10	 10	 1	 100	 True	 False	 96	 6
977	 49.59772737251698	 6.137306430593868	 2	 18	 20	 20	 20	 7	 100	 True	 False	 68	 1
978	 49.608494340273374	 6.129023801479963	 1	 13	 7	 70	 70	 8	 100	 True	 False	 97	 2
979	 49.626965919814054	 6.133471969961842	 2	 9	 56	 20	 20	 2	 100	 True	 True	 143	 10
980	 49.615118556665394	 6.128553010065018	 2	 9	 31	 20	 20	 5	 100	 True	 True	 112	 8
981	 49.60400502801388	 6.135570897753925	 2	 18	 57	 70	 70	 5	 100	 True	 False	 83	 2
982	 49.61298273408425	 6.195347596562667	 1	 12	 2	 40	 40	 7	 100	 True	 False	 120	 6
983	 49.60974019441429	 6.134898553265232	 2	 9	 5	 70	 70	 6	 100	 True	 True	 98	 7
984	 49.60809740025783	 6.10138053479662	 2	 9	 25	 20	 20	 6	 100	 True	 True	 94	 3
985	 49.628056674787224	 6.125562633378432	 2	 9	 3	 30	 30	 6	 100	 True	 True	 142	 10
986	 49.621988265055094	 6.121347070795223	 2	 15	 33	 50	 50	 9	 100	 True	 False	 126	 9
987	 49.63887898136863	 6.149643690336939	 2	 18	 23	 20	 20	 8	 100	 True	 False	 175	 5
988	 49.631731553001345	 6.129443667026326	 2	 18	 33	 70	 70	 6	 100	 True	 False	 157	 3
989	 49.591120679070386	 6.077145488425643	 2	 14	 8	 30	 30	 2	 100	 True	 False	 46	 1
990	 49.59322212184303	 6.142146864281007	 1	 18	 38	 10	 10	 5	 100	 True	 False	 54	 5
991	 49.62606441263607	 6.130208195469863	 2	 9	 47	 60	 60	 4	 100	 True	 True	 142	 10
992	 49.607991690842574	 6.171290121763734	 1	 12	 42	 100	 100	 4	 100	 True	 False	 102	 3
993	 49.59415742577593	 6.094231544840238	 2	 18	 43	 60	 60	 4	 100	 True	 False	 48	 2
994	 49.59011014472948	 6.11639505346129	 1	 15	 26	 50	 50	 3	 100	 True	 False	 51	 5
995	 49.61613167523587	 6.129529588933703	 1	 12	 1	 20	 20	 5	 100	 True	 False	 112	 9
996	 49.599338084698985	 6.133261000360523	 2	 9	 0	 50	 50	 5	 100	 True	 True	 68	 7
997	 49.61695676576821	 6.124883000045708	 2	 13	 51	 60	 60	 9	 100	 True	 False	 112	 2
998	 49.593972458186954	 6.106667524150666	 2	 9	 5	 40	 40	 8	 100	 True	 True	 50	 7
999	 49.58133171567767	 6.111703157430217	 1	 9	 14	 20	 20	 6	 100	 True	 True	 20	 5
1000	 49.62590726065805	 6.104051040605693	 2	 18	 39	 50	 50	 6	 100	 True	 False	 139	 8
